0 43850884
0 43414921
0 42263001
0 41835024
0 40284409
0 38763076
0 37271025
0 34762816
0 33350625
0 31967716
0 30614089
0 29289744
0 28933641
0 27646564
0 26388769
0 25160256
0 24611521
0 23425600
0 21958596
0 20839225
0 19749136
0 18688329
0 17656804
0 17380561
0 16386304
0 15944049
0 14992384
0 14070001
0 13176900
0 12938409
0 12082576
0 11256025
0 10458756
0 9690769
0 7745089
0 7086244
0 6456681
0 5856400
0 5697769
0 5134756
0 4601025
0 4096576
0 2869636
0 2474329
0 2108304
0 1771561
0 1684804
0 1464100
0 1385329
0 1115136
0 822649
0 7744
0 43864129
0 42276004
0 41847961
0 40297104
0 38775529
0 37283236
0 35164900
0 34774609
0 33362176
0 31979025
0 30625156
0 29300569
0 27657081
0 26399044
0 25170289
0 24621444
0 23435281
0 22278400
0 21967969
0 20848356
0 19758025
0 18696976
0 17665209
0 16394401
0 15952036
0 15000129
0 14077504
0 13184161
0 12945604
0 12320100
0 12089529
0 11262736
0 10465225
0 9696996
0 7750656
0 7091569
0 6461764
0 5861241
0 5702544
0 5290000
0 5139289
0 4605316
0 4100625
0 3880900
0 2873025
0 2477476
0 2111209
0 1774224
0 1687401
0 1466521
0 1387684
0 1117249
0 824464
0 7921
0 43877376
0 42289009
0 40309801
0 38787984
0 37295449
0 35176761
0 34786404
0 33756100
0 33373729
0 31990336
0 30636225
0 29311396
0 26409321
0 25180324
0 24631369
0 23444964
0 22287841
0 21977344
0 21160000
0 20857489
0 19766916
0 18705625
0 17673616
0 15960025
0 15007876
0 14085009
0 13191424
0 12952801
0 12327121
0 12096484
0 11269449
0 10471696
0 9703225
0 7756225
0 7096896
0 6466849
0 5866084
0 5707321
0 5294601
0 5143824
0 4609609
0 4104676
0 3884841
0 3422500
0 2876416
0 2480625
0 2114116
0 1776889
0 1468944
0 1390041
0 1119364
0 826281
0 43890625
0 42302016
0 38800441
0 37307664
0 35188624
0 34798201
0 33767721
0 33385284
0 32001649
0 30647296
0 29322225
0 25190361
0 24641296
0 23454649
0 22297284
0 21986721
0 21169201
0 20866624
0 19775809
0 18714276
0 17682025
0 15968016
0 15015625
0 14092516
0 13198689
0 12334144
0 12103441
0 11276164
0 10478169
0 9709456
0 8643600
0 7761796
0 7102225
0 6471936
0 5870929
0 5299204
0 5148361
0 4613904
0 4108729
0 3888784
0 3426201
0 2992900
0 2879809
0 2483776
0 2117025
0 1779556
0 1471369
0 1121481
0 43903876
0 42315025
0 37319881
0 35200489
0 33779344
0 33396841
0 32012964
0 30658369
0 29333056
0 24651225
0 23464336
0 22306729
0 21178404
0 20875761
0 19784704
0 18722929
0 17690436
0 15976009
0 15023376
0 14100025
0 13205956
0 12341169
0 11282881
0 10484644
0 9715689
0 8649481
0 7952400
0 7767369
0 7107556
0 6477025
0 5875776
0 5303809
0 4618201
0 4112784
0 3892729
0 3429904
0 2996361
0 2883204
0 2592100
0 2486929
0 2119936
0 1782225
0 1473796
0 43917129
0 42328036
0 35212356
0 33790969
0 32024281
0 30669444
0 29343889
0 24661156
0 23474025
0 22316176
0 21187609
0 19793601
0 18731584
0 17698849
0 15984004
0 15288100
0 15031129
0 14107536
0 13213225
0 12348196
0 10491121
0 9721924
0 8655364
0 7958041
0 7772944
0 7290000
0 7112889
0 6482116
0 5880625
0 5308416
0 4116841
0 3896676
0 3433609
0 2999824
0 2886601
0 2595321
0 2490084
0 2122849
0 1784896
0 1476225
0 43930384
0 42341049
0 35224225
0 33802596
0 30680521
0 29354724
0 24671089
0 23483716
0 22325625
0 21196816
0 18740241
0 17707264
0 15992001
0 15295921
0 15038884
0 14115049
0 13220496
0 12355225
0 9728161
0 8661249
0 7963684
0 7778521
0 7295401
0 7118224
0 6487209
0 5885476
0 5313025
0 3900625
0 3437316
0 3003289
0 2598544
0 2493241
0 2125764
0 1787569
0 1478656
0 43943641
0 42354064
0 35236096
0 33814225
0 29365561
0 24681024
0 23493409
0 22335076
0 21206025
0 17715681
0 15303744
0 15046641
0 14122564
0 13227769
0 12362256
0 8667136
0 7969329
0 7300804
0 7123561
0 6492304
0 5890329
0 5317636
0 3904576
0 3441025
0 3006756
0 2601769
0 2128681
0 1790244
0 1481089
0 42367081
0 35247969
0 33825856
0 24690961
0 23503104
0 22344529
0 21215236
0 15311569
0 14130081
0 13235044
0 12369289
0 8673025
0 7974976
0 7306209
0 6497401
0 5895184
0 5322249
0 3908529
0 3444736
0 3010225
0 2604996
0 1792921
0 1483524
0 36100
0 35259844
0 33837489
0 23512801
0 22353984
0 21224449
0 15319396
0 13242321
0 12376324
0 8678916
0 7980625
0 7311616
0 5900041
0 5326864
0 3912484
0 3448449
0 3013696
0 2608225
0 1485961
0 36481
0 35271721
0 33849124
0 22363441
0 21233664
0 15327225
0 12383361
0 8684809
0 7986276
0 7317025
0 5331481
0 3916441
0 3452164
0 3017169
0 2611456
0 36864
0 33860761
0 21242881
0 15335056
0 8690704
0 7991929
0 7322436
0 3455881
0 3020644
0 2614689
0 37249
0 15342889
0 8696601
0 7997584
0 7327849
0 3024121
0 2617924
0 348100
0 37636
0 15350724
0 8003241
0 7333264
0 2621161
0 349281
0 220900
0 38025
0 15358561
0 7338681
0 350464
0 221841
0 122500
0 38416
0 351649
0 222784
0 123201
0 52900
0 38809
0 980100
0 352836
0 223729
0 123904
0 53361
0 39204
0 12100
0 982081
0 756900
0 354025
0 224676
0 124609
0 53824
0 39601
0 12321
0 38316100
0 984064
0 758641
0 562500
0 355216
0 225625
0 125316
0 54289
0 12544
0 38328481
0 36844900
0 986049
0 760384
0 564001
0 396900
0 356409
0 226576
0 126025
0 54756
0 12769
0 38340864
0 36857041
0 988036
0 762129
0 565504
0 398161
0 357604
0 260100
0 227529
0 126736
0 55225
0 12996
0 38353249
0 36869184
0 18404100
0 9486400
0 990025
0 763876
0 567009
0 399424
0 358801
0 261121
0 228484
0 127449
0 55696
0 13225
0 43428100
0 38365636
0 36881329
0 28944400
0 18412681
0 17388900
0 9492561
0 992016
0 765625
0 568516
0 400689
0 262144
0 229441
0 128164
0 56169
0 13456
0 43441281
0 41860900
0 38378025
0 36893476
0 28955161
0 27667600
0 18421264
0 17397241
0 16402500
0 9498724
0 994009
0 767376
0 570025
0 401956
0 263169
0 128881
0 56644
0 13689
0 8100
0 43454464
0 41873841
0 40322500
0 38390416
0 36905625
0 28965924
0 27678121
0 26419600
0 18429849
0 17405584
0 16410601
0 9504889
0 5712100
0 1392400
0 996004
0 828100
0 769129
0 571536
0 403225
0 264196
0 57121
0 13924
0 8281
0 43467649
0 41886784
0 40335201
0 38812900
0 38402809
0 36917776
0 28976689
0 27688644
0 26429881
0 25200400
0 21996100
0 18438436
0 17413929
0 16418704
0 12110400
0 9511056
0 5716881
0 5152900
0 1394761
0 1123600
0 998001
0 829921
0 770884
0 573049
0 404496
0 265225
0 14161
0 8464
0 43480836
0 41899729
0 40347904
0 38825361
0 38415204
0 37332100
0 36929929
0 33408400
0 28987456
0 27699169
0 26440164
0 25210441
0 22005481
0 20884900
0 18447025
0 17422276
0 16426809
0 12117361
0 11289600
0 9517225
0 5721664
0 5157441
0 4622500
0 1397124
0 1125721
0 831744
0 772641
0 574564
0 405769
0 266256
0 8649
0 43494025
0 41912676
0 40360609
0 38837824
0 38427601
0 37344321
0 36942084
0 33419961
0 32035600
0 28998225
0 27709696
0 26450449
0 25220484
0 22014864
0 20894041
0 19802500
0 18455616
0 17430625
0 16434916
0 12124324
0 11296321
0 10497600
0 9523396
0 5726449
0 5161984
0 4626801
0 4120900
0 1399489
0 1127844
0 833569
0 576081
0 407044
0 267289
0 8836
0 43507216
0 41925625
0 40373316
0 38850289
0 37356544
0 36954241
0 33431524
0 32046921
0 30691600
0 29008996
0 27720225
0 26460736
0 25230529
0 22024249
0 20903184
0 19811401
0 18748900
0 18464209
0 17438976
0 16443025
0 12131289
0 11303044
0 10504081
0 9734400
0 9529569
0 7784100
0 5731236
0 5166529
0 4631104
0 4124961
0 2496400
0 1401856
0 1129969
0 835396
0 408321
0 268324
0 9025
0 43956900
0 43520409
0 41938576
0 40386025
0 38862756
0 37368769
0 33443089
0 32058244
0 30702681
0 29376400
0 29019769
0 27730756
0 26471025
0 25240576
0 22033636
0 20912329
0 19820304
0 18757561
0 18472804
0 17724100
0 17447329
0 16451136
0 15054400
0 12138256
0 11309769
0 10510564
0 9740641
0 9535744
0 9000000
0 7789681
0 7128900
0 5736025
0 5171076
0 4635409
0 4129024
0 2499561
0 2131600
0 1404225
0 1132096
0 837225
0 269361
0 9216
0 43970161
0 43533604
0 42380100
0 41951529
0 40398736
0 38875225
0 37380996
0 33454656
0 32069569
0 30713764
0 29387241
0 29030544
0 28090000
0 27741289
0 26481316
0 25250625
0 24700900
0 22043025
0 20921476
0 19829209
0 18766224
0 18481401
0 17732521
0 17455684
0 16459249
0 15062161
0 14137600
0 12145225
0 11316496
0 10517049
0 9746884
0 9541921
0 9006001
0 7795264
0 7134241
0 6502500
0 5740816
0 5175625
0 4639716
0 4133089
0 2502724
0 2134521
0 1795600
0 1406596
0 1134225
0 839056
0 9409
0 43983424
0 43546801
0 42393121
0 41964484
0 40411449
0 38887696
0 37393225
0 33466225
0 32080896
0 30724849
0 29398084
0 29041321
0 28100601
0 27751824
0 26491609
0 25260676
0 24710841
0 23522500
0 22052416
0 20930625
0 19838116
0 18774889
0 17740944
0 17464041
0 16467364
0 15069924
0 14145121
0 13249600
0 12152196
0 11323225
0 10523536
0 9753129
0 9012004
0 7800849
0 7139584
0 6507601
0 5904900
0 5745609
0 5180176
0 4644025
0 4137156
0 2505889
0 2137444
0 1798281
0 1488400
0 1408969
0 1136356
0 840889
0 9604
0 100
0 43996689
0 42406144
0 41977441
0 40424164
0 38900169
0 37405456
0 35283600
0 33477796
0 32092225
0 30735936
0 29408929
0 28111204
0 27762361
0 26501904
0 25270729
0 24720784
0 23532201
0 22372900
0 22061809
0 20939776
0 19847025
0 18783556
0 17749369
0 16475481
0 15077689
0 14152644
0 13256881
0 12390400
0 12159169
0 11329956
0 10530025
0 9759376
0 9018009
0 7806436
0 7144929
0 6512704
0 5909761
0 5750404
0 5336100
0 5184729
0 4648336
0 4141225
0 3920400
0 2509056
0 2140369
0 1800964
0 1490841
0 1411344
0 1210000
0 1138489
0 842724
0 9801
0 121
0 44009956
0 42419169
0 40436881
0 38912644
0 37417689
0 35295481
0 33872400
0 33489369
0 32103556
0 30747025
0 29419776
0 28121809
0 26512201
0 25280784
0 24730729
0 23541904
0 22382361
0 22071204
0 21252100
0 20948929
0 19855936
0 18792225
0 17757796
0 15085456
0 14160169
0 13264164
0 12397441
0 12166144
0 11560000
0 11336689
0 10536516
0 9765625
0 9024016
0 7812025
0 7150276
0 6517809
0 5914624
0 5755201
0 5340721
0 5189284
0 4652649
0 4145296
0 3924361
0 3459600
0 2512225
0 2143296
0 1803649
0 1493284
0 1413721
0 1212201
0 1140624
0 844561
0 144
0 44023225
0 42432196
0 38925121
0 37429924
0 35307364
0 33884041
0 33500944
0 32490000
0 32114889
0 30758116
0 29430625
0 28132416
0 25290841
0 24740676
0 23551609
0 22391824
0 22080601
0 21261321
0 20958084
0 19864849
0 18800896
0 17766225
0 15093225
0 14167696
0 13271449
0 12404484
0 12173121
0 11566801
0 11343424
0 10543009
0 9771876
0 9030025
0 8702500
0 7817616
0 7155625
0 6522916
0 5919489
0 5345344
0 5193841
0 4656964
0 4149369
0 3928324
0 3463321
0 3027600
0 2515396
0 2146225
0 1806336
0 1495729
0 1214404
0 1142761
0 169
0 44036496
0 42445225
0 37442161
0 35319249
0 33895684
0 33512521
0 32501401
0 32126224
0 30769209
0 29441476
0 28143025
0 24750625
0 23561316
0 22401289
0 21270544
0 20967241
0 19873764
0 18809569
0 17774656
0 15100996
0 14175225
0 13278736
0 12411529
0 11573604
0 11350161
0 10549504
0 9778129
0 9036036
0 8708401
0 8008900
0 7823209
0 7160976
0 6528025
0 5924356
0 5349969
0 4661281
0 4153444
0 3932289
0 3467044
0 3031081
0 2624400
0 2518569
0 2149156
0 1809025
0 1498176
0 1216609
0 196
0 44049769
0 42458256
0 35331136
0 33907329
0 32512804
0 32137561
0 30780304
0 29452329
0 28153636
0 24760576
0 23571025
0 22410756
0 21279769
0 19882681
0 18818244
0 17783089
0 15366400
0 15108769
0 14182756
0 13286025
0 12418576
0 11580409
0 10556001
0 9784384
0 9042049
0 8714304
0 8014561
0 7828804
0 7344100
0 7166329
0 6533136
0 5929225
0 5354596
0 4157521
0 3936256
0 3470769
0 3034564
0 2627641
0 2521744
0 2250000
0 2152089
0 1811716
0 1500625
0 1218816
0 225
0 44063044
0 42471289
0 35343025
0 33918976
0 32524209
0 30791401
0 29463184
0 28164249
0 24770529
0 23580736
0 22420225
0 21288996
0 18826921
0 17791524
0 15374241
0 15116544
0 14440000
0 14190289
0 13293316
0 12425625
0 11587216
0 9790641
0 9048064
0 8720209
0 8020224
0 7834401
0 7349521
0 7171684
0 6538249
0 5934096
0 5359225
0 3940225
0 3474496
0 3038049
0 2630884
0 2524921
0 2253001
0 2155024
0 1814409
0 1503076
0 1221025
0 256
0 44076321
0 42484324
0 35354916
0 33930625
0 32535616
0 29474041
0 28174864
0 24780484
0 23590449
0 22429696
0 21298225
0 17799961
0 15382084
0 15124321
0 14447601
0 14197824
0 13300609
0 12432676
0 11594025
0 9054081
0 8726116
0 8025889
0 7354944
0 7177041
0 6543364
0 5938969
0 5363856
0 3944196
0 3478225
0 3041536
0 2634129
0 2256004
0 2157961
0 1817104
0 1505529
0 1223236
0 289
0 42497361
0 35366809
0 33942276
0 32547025
0 28185481
0 24790441
0 23600164
0 22439169
0 21307456
0 15389929
0 14455204
0 14205361
0 13307904
0 12439729
0 11600836
0 8732025
0 8031556
0 7360369
0 6548481
0 5943844
0 5368489
0 3948169
0 3481956
0 3045025
0 2637376
0 2259009
0 1819801
0 1507984
0 1225449
0 324
0 35378704
0 33953929
0 32558436
0 23609881
0 22448644
0 21316689
0 15397776
0 14462809
0 13315201
0 12446784
0 11607649
0 8737936
0 8037225
0 7365796
0 5948721
0 5373124
0 3952144
0 3610000
0 3485689
0 3048516
0 2640625
0 2262016
0 1510441
0 1227664
0 361
0 35390601
0 33965584
0 32569849
0 22458121
0 21325924
0 15405625
0 14470416
0 12453841
0 11614464
0 8743849
0 8042896
0 7371225
0 5377761
0 3956121
0 3613801
0 3489424
0 3052009
0 2643876
0 2265025
0 1229881
0 33977241
0 32581264
0 21335161
0 15413476
0 14478025
0 11621281
0 8749764
0 8048569
0 7376656
0 3617604
0 3493161
0 3055504
0 2647129
0 2268036
0 32592681
0 15421329
0 14485636
0 8755681
0 8054244
0 7382089
0 3621409
0 3059001
0 2650384
0 2271049
0 15429184
0 14493249
0 8059921
0 7387524
0 3625216
0 2653641
0 2274064
0 230400
0 15437041
0 14500864
0 7392961
0 3629025
0 2277081
0 231361
0 129600
0 14508481
0 3632836
0 232324
0 130321
0 57600
0 3636649
0 233289
0 131044
0 58081
0 14400
0 3640464
0 774400
0 234256
0 131769
0 58564
0 14641
0 3644281
0 776161
0 577600
0 235225
0 132496
0 59049
0 14884
0 1
0 36966400
0 777924
0 579121
0 409600
0 236196
0 133225
0 59536
0 15129
0 4
0 36978561
0 779689
0 580644
0 410881
0 270400
0 237169
0 133956
0 60025
0 15376
0 9
0 36990724
0 9548100
0 781456
0 582169
0 412164
0 271441
0 238144
0 160000
0 134689
0 60516
0 15625
0 16
0 37002889
0 29052100
0 17472400
0 9554281
0 783225
0 583696
0 413449
0 272484
0 239121
0 160801
0 135424
0 61009
0 15876
0 25
0 41990400
0 37015056
0 29062881
0 27772900
0 17480761
0 16483600
0 9560464
0 784996
0 585225
0 414736
0 273529
0 161604
0 136161
0 61504
0 16129
0 36
0 42003361
0 40449600
0 37027225
0 29073664
0 27783441
0 26522500
0 17489124
0 16491721
0 9566649
0 1416100
0 846400
0 786769
0 586756
0 416025
0 274576
0 162409
0 62001
0 16384
0 49
0 42016324
0 40462321
0 38937600
0 37039396
0 29084449
0 27793984
0 26532801
0 25300900
0 17497489
0 16499844
0 12180100
0 9572836
0 5198400
0 1418481
0 1144900
0 848241
0 788544
0 640000
0 588289
0 417316
0 275625
0 163216
0 16641
0 64
0 42029289
0 40475044
0 38950081
0 37454400
0 37051569
0 33524100
0 29095236
0 27804529
0 26543104
0 25310961
0 20976400
0 17505856
0 16507969
0 12187081
0 11356900
0 9579025
0 5202961
0 4665600
0 1420864
0 1147041
0 850084
0 790321
0 641601
0 589824
0 418609
0 276676
0 164025
0 81
0 42042256
0 40487769
0 38962564
0 37466641
0 37063744
0 36000000
0 33535681
0 32148900
0 29106025
0 27815076
0 26553409
0 25321024
0 20985561
0 19891600
0 17514225
0 16516096
0 12194064
0 11363641
0 10562500
0 9585216
0 5207524
0 4669921
0 4161600
0 1423249
0 1149184
0 851929
0 643204
0 591361
0 419904
0 277729
0 164836
0 42055225
0 40500496
0 38975049
0 37478884
0 37075921
0 36012001
0 33547264
0 32160241
0 30802500
0 29116816
0 27825625
0 26563716
0 25331089
0 20994724
0 19900521
0 18835600
0 17522596
0 16524225
0 12201049
0 11370384
0 10569001
0 9796900
0 9591409
0 5212089
0 4674244
0 4165681
0 2528100
0 1425636
0 1151329
0 853776
0 644809
0 421201
0 278784
0 165649
0 44089600
0 42068196
0 40513225
0 38987536
0 37491129
0 36024004
0 33558849
0 32171584
0 30813601
0 29484900
0 29127609
0 27836176
0 26574025
0 25341156
0 21003889
0 19909444
0 18844281
0 17808400
0 17530969
0 16532356
0 15132100
0 12208036
0 11377129
0 10575504
0 9803161
0 9597604
0 9060100
0 7182400
0 5216656
0 4678569
0 4169764
0 2531281
0 2160900
0 1428025
0 1153476
0 855625
0 646416
0 279841
0 166464
0 44102881
0 42510400
0 42081169
0 40525956
0 39000025
0 37503376
0 36036009
0 33570436
0 32182929
0 30824704
0 29495761
0 29138404
0 28196100
0 27846729
0 26584336
0 25351225
0 24800400
0 21013056
0 19918369
0 18852964
0 17816841
0 17539344
0 16810000
0 16540489
0 15139881
0 14212900
0 12215025
0 11383876
0 10582009
0 9809424
0 9603801
0 9066121
0 7187761
0 6553600
0 5221225
0 4682896
0 4173849
0 2534464
0 2163841
0 1822500
0 1430416
0 1155625
0 857476
0 648025
0 167281
0 44116164
0 42523441
0 42094144
0 40960000
0 40538689
0 39012516
0 37515625
0 36048016
0 33582025
0 32194276
0 30835809
0 29506624
0 29149201
0 28206721
0 27857284
0 26594649
0 25361296
0 24810361
0 23619600
0 21022225
0 19927296
0 18861649
0 17825284
0 17547721
0 16818201
0 16548624
0 15147664
0 14220441
0 13322500
0 12222016
0 11390625
0 10588516
0 9815689
0 9072144
0 7193124
0 6558721
0 5953600
0 5225796
0 4687225
0 4177936
0 2537649
0 2166784
0 1825201
0 1512900
0 1432809
0 1157776
0 859329
0 649636
0 400
0 44129449
0 42536484
0 42107121
0 40972801
0 40551424
0 39025009
0 37527876
0 36060025
0 35402500
0 33593616
0 32205625
0 30846916
0 29517489
0 28217344
0 27867841
0 26604964
0 25371369
0 24820324
0 23629321
0 22467600
0 21031396
0 19936225
0 18870336
0 17833729
0 16826404
0 16556761
0 15155449
0 14227984
0 13329801
0 12460900
0 12229009
0 11397376
0 10595025
0 9821956
0 9078169
0 7198489
0 6563844
0 5958481
0 5382400
0 5230369
0 4691556
0 4182025
0 3960100
0 2540836
0 2169729
0 1827904
0 1515361
0 1435204
0 1232100
0 1159929
0 861184
0 651249
0 441
0 44142736
0 42549529
0 40985604
0 40564161
0 39037504
0 37540129
0 36072036
0 35414401
0 33988900
0 33605209
0 32216976
0 30858025
0 29528356
0 28227969
0 26615281
0 25381444
0 24830289
0 23639044
0 22477081
0 21344400
0 21040569
0 19945156
0 18879025
0 17842176
0 16834609
0 15163236
0 14235529
0 13337104
0 12467961
0 12236004
0 11628100
0 11404129
0 10601536
0 9828225
0 9084196
0 7203856
0 6568969
0 5963364
0 5387041
0 5234944
0 4840000
0 4695889
0 4186116
0 3964081
0 3496900
0 2544025
0 2172676
0 1830609
0 1517824
0 1437601
0 1234321
0 1162084
0 863041
0 652864
0 484
0 44156025
0 42562576
0 40998409
0 39050001
0 37552384
0 36084049
0 35426304
0 34000561
0 33616804
0 32604100
0 32228329
0 30869136
0 29539225
0 28238596
0 25391521
0 24840256
0 23648769
0 22486564
0 21353641
0 21049744
0 20250000
0 19954089
0 18887716
0 17850625
0 16842816
0 15171025
0 14243076
0 13344409
0 12475024
0 12243001
0 11634921
0 11410884
0 10608049
0 9834496
0 9090225
0 8761600
0 7209225
0 6574096
0 5968249
0 5391684
0 5239521
0 4844401
0 4700224
0 4190209
0 3968064
0 3500641
0 3062500
0 2547216
0 2175625
0 1833316
0 1520289
0 1236544
0 1164241
0 654481
0 529
0 44169316
0 42575625
0 41011216
0 37564641
0 36096064
0 35438209
0 34012224
0 33628401
0 32615521
0 32239684
0 30880249
0 29550096
0 28249225
0 24850225
0 23658496
0 22496049
0 21362884
0 21058921
0 20259001
0 19963024
0 18896409
0 17859076
0 16851025
0 15178816
0 14250625
0 13351716
0 12482089
0 11641744
0 11417641
0 10614564
0 9840769
0 9096256
0 8767521
0 8065600
0 7214596
0 6579225
0 5973136
0 5396329
0 4848804
0 4704561
0 4194304
0 3972049
0 3504384
0 3066001
0 2656900
0 2550409
0 2178576
0 1836025
0 1522756
0 1238769
0 576
0 44182609
0 42588676
0 41024025
0 36108081
0 35450116
0 34023889
0 32626944
0 32251041
0 30891364
0 29560969
0 28259856
0 24860196
0 23668225
0 22505536
0 21372129
0 20268004
0 19971961
0 18905104
0 17867529
0 16859236
0 15444900
0 15186609
0 14258176
0 13359025
0 12489156
0 11648569
0 10621081
0 9847044
0 9102289
0 8773444
0 8071281
0 7398400
0 7219969
0 6584356
0 5978025
0 5400976
0 4853209
0 4198401
0 3976036
0 3508129
0 3069504
0 2660161
0 2553604
0 2280100
0 2181529
0 1838736
0 1525225
0 1240996
0 625
0 44195904
0 42601729
0 41036836
0 35462025
0 34035556
0 32638369
0 30902481
0 29571844
0 28270489
0 24870169
0 23677956
0 22515025
0 21381376
0 20277009
0 18913801
0 17875984
0 16867449
0 15452761
0 15194404
0 14516100
0 14265729
0 13366336
0 12496225
0 11655396
0 9853321
0 9108324
0 8779369
0 8076964
0 7403841
0 7225344
0 6760000
0 6589489
0 5982916
0 5405625
0 4857616
0 3980025
0 3511876
0 3073009
0 2663424
0 2556801
0 2283121
0 2184484
0 1841449
0 1527696
0 1243225
0 676
0 44209201
0 42614784
0 41049649
0 35473936
0 34047225
0 32649796
0 29582721
0 28281124
0 24880144
0 24010000
0 23687689
0 22524516
0 21390625
0 20286016
0 17884441
0 16875664
0 15460624
0 15202201
0 14523721
0 14273284
0 13373649
0 12503296
0 11662225
0 9114361
0 8785296
0 8082649
0 7409284
0 7230721
0 6765201
0 6594624
0 5987809
0 5410276
0 4862025
0 3984016
0 3515625
0 3076516
0 2666689
0 2286144
0 2187441
0 1844164
0 1530169
0 1245456
0 729
0 42627841
0 41062464
0 35485849
0 34058896
0 32661225
0 28291761
0 24890121
0 24019801
0 23697424
0 22534009
0 21399876
0 20295025
0 16883881
0 15468489
0 14531344
0 14280841
0 13380964
0 12510369
0 11669056
0 8791225
0 8088336
0 7414729
0 6770404
0 6599761
0 5992704
0 5414929
0 4866436
0 3988009
0 3519376
0 3080025
0 2669956
0 2289169
0 1846881
0 1532644
0 1247689
0 784
0 41075281
0 35497764
0 34070569
0 32672656
0 24029604
0 23707161
0 22543504
0 21409129
0 20304036
0 15476356
0 14538969
0 13388281
0 12517444
0 11675889
0 8797156
0 8094025
0 7420176
0 6775609
0 5997601
0 5419584
0 4870849
0 3992004
0 3648100
0 3523129
0 3083536
0 2673225
0 2292196
0 1535121
0 1249924
0 841
0 35509681
0 34082244
0 32684089
0 24039409
0 22553001
0 21418384
0 20313049
0 15484225
0 14546596
0 12524521
0 11682724
0 8803089
0 8099716
0 7425625
0 6780816
0 5424241
0 4875264
0 3996001
0 3651921
0 3526884
0 3087049
0 2676496
0 2295225
0 1252161
0 34093921
0 32695524
0 24049216
0 21427641
0 20322064
0 15492096
0 14554225
0 11689561
0 8809024
0 8105409
0 7431076
0 6786025
0 4879681
0 3655744
0 3530641
0 3090564
0 2679769
0 2298256
0 32706961
0 24059025
0 20331081
0 15499969
0 14561856
0 8814961
0 8111104
0 7436529
0 6791236
0 3659569
0 3094081
0 2683044
0 2301289
0 24068836
0 15507844
0 14569489
0 8116801
0 7441984
0 6796449
0 3663396
0 2686321
0 2304324
0 240100
0 24078649
0 15515721
0 14577124
0 7447441
0 6801664
0 3667225
0 2307361
0 241081
0 136900
0 24088464
0 14584761
0 6806881
0 3671056
0 242064
0 137641
0 62500
0 24098281
0 3674889
0 243049
0 138384
0 63001
0 16900
0 3678724
0 792100
0 244036
0 139129
0 63504
0 17161
0 3682561
0 793881
0 592900
0 245025
0 139876
0 64009
0 17424
0 37088100
0 795664
0 594441
0 422500
0 246016
0 140625
0 64516
0 17689
0 37100281
0 797449
0 595984
0 423801
0 280900
0 247009
0 141376
0 65025
0 17956
0 37112464
0 799236
0 597529
0 425104
0 281961
0 248004
0 168100
0 142129
0 65536
0 18225
0 37124649
0 17556100
0 801025
0 599076
0 426409
0 283024
0 249001
0 168921
0 142884
0 66049
0 18496
0 42120100
0 37136836
0 27878400
0 17564481
0 16564900
0 802816
0 600625
0 427716
0 284089
0 169744
0 143641
0 66564
0 18769
0 42133081
0 40576900
0 37149025
0 27888961
0 26625600
0 17572864
0 16573041
0 864900
0 804609
0 602176
0 429025
0 285156
0 170569
0 67081
0 19044
0 42146064
0 40589641
0 39062500
0 37161216
0 27899524
0 26635921
0 25401600
0 17581249
0 16581184
0 5244100
0 1166400
0 866761
0 806404
0 656100
0 603729
0 430336
0 286225
0 171396
0 19321
0 42159049
0 40602384
0 39075001
0 37576900
0 37173409
0 27910089
0 26646244
0 25411681
0 21068100
0 17589636
0 16589329
0 11424400
0 5248681
0 4708900
0 1168561
0 868624
0 808201
0 657721
0 605284
0 431649
0 287296
0 172225
0 42172036
0 40615129
0 39087504
0 37589161
0 37185604
0 36120100
0 32262400
0 27920656
0 26656569
0 25421764
0 21077281
0 19980900
0 17598025
0 16597476
0 11431161
0 10627600
0 5253264
0 4713241
0 4202500
0 1170724
0 870489
0 659344
0 606841
0 432964
0 288369
0 173056
0 42185025
0 40627876
0 39100009
0 37601424
0 37197801
0 36132121
0 32273761
0 30913600
0 27931225
0 26666896
0 25431849
0 21086464
0 19989841
0 18922500
0 17606416
0 16605625
0 11437924
0 10634121
0 9859600
0 5257849
0 4717584
0 4206601
0 1172889
0 872356
0 660969
0 434281
0 289444
0 173889
0 44222500
0 42198016
0 40640625
0 39112516
0 37613689
0 36144144
0 32285124
0 30924721
0 29593600
0 27941796
0 26677225
0 25441936
0 21095649
0 19998784
0 18931201
0 17892900
0 17614809
0 16613776
0 11444689
0 10640644
0 9865881
0 9120400
0 7236100
0 5262436
0 4721929
0 4210704
0 2190400
0 1175056
0 874225
0 662596
0 290521
0 174724
0 44235801
0 42640900
0 42211009
0 40653376
0 39125025
0 37625956
0 36156169
0 32296489
0 30935844
0 29604481
0 28302400
0 27952369
0 26687556
0 25452025
0 24900100
0 21104836
0 20007729
0 18939904
0 17901361
0 17623204
0 16892100
0 16621929
0 14288400
0 11451456
0 10647169
0 9872164
0 9126441
0 7241481
0 6604900
0 5267025
0 4726276
0 4214809
0 2193361
0 1849600
0 1177225
0 876096
0 664225
0 175561
0 44249104
0 42653961
0 42224004
0 41088100
0 40666129
0 39137536
0 37638225
0 36168196
0 32307856
0 30946969
0 29615364
0 28313041
0 27962944
0 27040000
0 26697889
0 25462116
0 24910081
0 23716900
0 21114025
0 20016676
0 18948609
0 17909824
0 17631601
0 16900321
0 16630084
0 14295961
0 13395600
0 11458225
0 10653696
0 9878449
0 9132484
0 7246864
0 6610041
0 6002500
0 5271616
0 4730625
0 4218916
0 2196324
0 1852321
0 1537600
0 1179396
0 877969
0 665856
0 900
0 44262409
0 42667024
0 42237001
0 41100921
0 40678884
0 39150049
0 37650496
0 36180225
0 35521600
0 32319225
0 30958096
0 29626249
0 28323684
0 27973521
0 27050401
0 26708224
0 25472209
0 24920064
0 23726641
0 22562500
0 21123216
0 20025625
0 18957316
0 17918289
0 16908544
0 16638241
0 14303524
0 13402921
0 12531600
0 11464996
0 10660225
0 9884736
0 9138529
0 7252249
0 6615184
0 6007401
0 5428900
0 5276209
0 4734976
0 4223025
0 2199289
0 1855044
0 1540081
0 1254400
0 1181569
0 879844
0 667489
0 961
0 44275716
0 42680089
0 41113744
0 40691641
0 39162564
0 37662769
0 36192256
0 35533521
0 34105600
0 32330596
0 30969225
0 29637136
0 28334329
0 27060804
0 26718561
0 25482304
0 24930049
0 23736384
0 22572001
0 21436900
0 21132409
0 20034576
0 18966025
0 17926756
0 16916769
0 14311089
0 13410244
0 12538681
0 11696400
0 11471769
0 10666756
0 9891025
0 9144576
0 7257636
0 6620329
0 6012304
0 5433561
0 5280804
0 4884100
0 4739329
0 4227136
0 3534400
0 2202256
0 1857769
0 1542564
0 1256641
0 1183744
0 1000000
0 881721
0 669124
0 1024
0 44289025
0 42693156
0 41126569
0 39175081
0 37675044
0 36204289
0 35545444
0 34117281
0 32718400
0 32341969
0 30980356
0 29648025
0 28344976
0 27071209
0 25492401
0 24940036
0 23746129
0 22581504
0 21446161
0 21141604
0 20340100
0 20043529
0 18974736
0 17935225
0 16924996
0 14318656
0 13417569
0 12545764
0 11703241
0 11478544
0 10890000
0 10673289
0 9897316
0 9150625
0 8820900
0 7263025
0 6625476
0 6017209
0 5438224
0 5285401
0 4888521
0 4743684
0 4231249
0 3538161
0 3097600
0 2205225
0 1860496
0 1545049
0 1258884
0 1185921
0 1002001
0 670761
0 1089
0 44302336
0 42706225
0 41139396
0 37687321
0 36216324
0 35557369
0 34128964
0 32729841
0 32353344
0 31360000
0 30991489
0 29658916
0 28355625
0 27081616
0 24950025
0 23755876
0 22591009
0 21455424
0 21150801
0 20349121
0 20052484
0 18983449
0 17943696
0 16933225
0 14326225
0 13424896
0 12552849
0 11710084
0 11485321
0 10896601
0 10679824
0 9903609
0 9156676
0 8826841
0 8122500
0 7268416
0 6630625
0 6022116
0 5442889
0 4892944
0 4748041
0 4235364
0 3541924
0 3101121
0 2689600
0 2208196
0 1863225
0 1547536
0 1261129
0 1004004
0 1156
0 42719296
0 41152225
0 36228361
0 35569296
0 34140649
0 32741284
0 32364721
0 31371201
0 31002624
0 29669809
0 28366276
0 27092025
0 24960016
0 23765625
0 22600516
0 21464689
0 20358144
0 20061441
0 18992164
0 17952169
0 16941456
0 15523600
0 14333796
0 13432225
0 12559936
0 11716929
0 10903204
0 10686361
0 9909904
0 9162729
0 8832784
0 8128201
0 7452900
0 7273809
0 6635776
0 6027025
0 5447556
0 4897369
0 4239481
0 3545689
0 3104644
0 2692881
0 2310400
0 2211169
0 1865956
0 1550025
0 1263376
0 1006009
0 1225
0 42732369
0 41165056
0 35581225
0 34152336
0 32752729
0 31382404
0 31013761
0 29680704
0 28376929
0 27102436
0 24970009
0 23775376
0 22610025
0 21473956
0 20367169
0 19000881
0 17960644
0 16949689
0 15531481
0 14592400
0 14341369
0 13439556
0 12567025
0 11723776
0 10909809
0 9916201
0 9168784
0 8838729
0 8133904
0 7458361
0 7279204
0 6812100
0 6640929
0 6031936
0 5452225
0 4901796
0 3549456
0 3108169
0 2696164
0 2313441
0 2214144
0 1960000
0 1868689
0 1552516
0 1265625
0 1008016
0 1296
0 42745444
0 41177889
0 35593156
0 34164025
0 32764176
0 31393609
0 29691601
0 28387584
0 27112849
0 24980004
0 24108100
0 23785129
0 22619536
0 21483225
0 20376196
0 17969121
0 16957924
0 15539364
0 14600041
0 14348944
0 13690000
0 13446889
0 12574116
0 11730625
0 10916416
0 9174841
0 8844676
0 8139609
0 7463824
0 7284601
0 6817321
0 6646084
0 6036849
0 5456896
0 4906225
0 3553225
0 3111696
0 2699449
0 2316484
0 2217121
0 1962801
0 1871424
0 1555009
0 1267876
0 1010025
0 1369
0 42758521
0 41190724
0 35605089
0 34175716
0 32775625
0 31404816
0 28398241
0 27123264
0 24990001
0 24117921
0 23794884
0 22629049
0 21492496
0 20385225
0 16966161
0 15547249
0 14607684
0 14356521
0 13697401
0 13454224
0 12581209
0 11737476
0 10923025
0 8850625
0 8145316
0 7469289
0 6822544
0 6651241
0 6041764
0 5461569
0 4910656
0 3556996
0 3115225
0 2702736
0 2319529
0 1965604
0 1874161
0 1557504
0 1270129
0 1012036
0 1444
0 41203561
0 35617024
0 34187409
0 32787076
0 31416025
0 27133681
0 24127744
0 23804641
0 22638564
0 21501769
0 20394256
0 15555136
0 14615329
0 13704804
0 13461561
0 12588304
0 11744329
0 10929636
0 8856576
0 8151025
0 7474756
0 6827769
0 6046681
0 5466244
0 4915089
0 3686400
0 3560769
0 3118756
0 2706025
0 2322576
0 1968409
0 1560001
0 1272384
0 1014049
0 1521
0 35628961
0 34199104
0 32798529
0 31427236
0 24137569
0 22648081
0 21511044
0 20403289
0 15563025
0 14622976
0 13712209
0 12595401
0 11751184
0 10936249
0 8862529
0 8156736
0 7480225
0 6832996
0 5470921
0 4919524
0 3690241
0 3564544
0 3240000
0 3122289
0 2709316
0 2325625
0 1971216
0 1274641
0 1016064
0 34210801
0 32809984
0 31438449
0 24147396
0 21520321
0 20412324
0 15570916
0 14630625
0 13719616
0 11758041
0 10942864
0 8868484
0 8162449
0 7485696
0 6838225
0 4923961
0 3694084
0 3568321
0 3243601
0 3125824
0 2712609
0 2328676
0 1974025
0 1018081
0 32821441
0 31449664
0 24157225
0 20421361
0 15578809
0 14638276
0 13727025
0 10949481
0 8874441
0 8168164
0 7491169
0 6843456
0 3697929
0 3247204
0 3129361
0 2715904
0 2331729
0 1976836
0 31460881
0 24167056
0 15586704
0 14645929
0 13734436
0 8173881
0 7496644
0 6848689
0 3701776
0 3250809
0 2719201
0 2334784
0 1979649
0 24176889
0 15594601
0 14653584
0 13741849
0 7502121
0 6853924
0 3705625
0 3254416
0 2337841
0 1982464
0 144400
0 24186724
0 14661241
0 13749264
0 6859161
0 3709476
0 3258025
0 1985281
0 145161
0 67600
0 24196561
0 13756681
0 3713329
0 3261636
0 145924
0 68121
0 19600
0 3717184
0 3265249
0 146689
0 68644
0 19881
0 3721041
0 3268864
0 608400
0 147456
0 69169
0 20164
0 3272481
0 609961
0 435600
0 148225
0 69696
0 20449
0 611524
0 436921
0 291600
0 148996
0 70225
0 20736
0 613089
0 438244
0 292681
0 176400
0 149769
0 70756
0 21025
0 614656
0 439569
0 293764
0 177241
0 150544
0 90000
0 71289
0 21316
0 27984100
0 16646400
0 616225
0 440896
0 294849
0 178084
0 151321
0 90601
0 71824
0 21609
0 40704400
0 27994681
0 26728900
0 16654561
0 883600
0 617796
0 442225
0 295936
0 178929
0 91204
0 72361
0 21904
0 40717161
0 39187600
0 28005264
0 26739241
0 25502500
0 16662724
0 1188100
0 885481
0 672400
0 619369
0 443556
0 297025
0 179776
0 91809
0 22201
0 40729924
0 39200121
0 37699600
0 28015849
0 26749584
0 25512601
0 16670889
0 11492100
0 4752400
0 1190281
0 887364
0 674041
0 620944
0 490000
0 444889
0 298116
0 180625
0 92416
0 40742689
0 39212644
0 37711881
0 36240400
0 32376100
0 28026436
0 26759929
0 25522704
0 20070400
0 16679056
0 11498881
0 10692900
0 4756761
0 4243600
0 1192464
0 889249
0 675684
0 622521
0 491401
0 446224
0 299209
0 181476
0 93025
0 40755456
0 39225169
0 37724164
0 36252441
0 32387481
0 31024900
0 28037025
0 26770276
0 25532809
0 20079361
0 19009600
0 16687225
0 11505664
0 10699441
0 9922500
0 4761124
0 4247721
0 1194649
0 891136
0 677329
0 492804
0 447561
0 300304
0 182329
0 93636
0 40768225
0 39237696
0 37736449
0 36264484
0 32398864
0 31036041
0 29702500
0 28047616
0 26780625
0 25542916
0 20088324
0 19018321
0 17977600
0 16695396
0 11512449
0 10705984
0 9928801
0 9180900
0 4765489
0 4251844
0 2220100
0 1196836
0 893025
0 678976
0 494209
0 301401
0 183184
0 94249
0 42771600
0 40780996
0 39250225
0 37748736
0 36276529
0 32410249
0 31047184
0 29713401
0 28408900
0 28058209
0 26790976
0 25553025
0 20097289
0 19027044
0 17986081
0 16974400
0 16703569
0 14364100
0 11519236
0 10712529
0 9935104
0 9186961
0 6656400
0 4769856
0 4255969
0 2223081
0 1876900
0 1199025
0 894916
0 680625
0 495616
0 184041
0 94864
0 42784681
0 41216400
0 40793769
0 39262756
0 37761025
0 36288576
0 32421636
0 31058329
0 29724304
0 28419561
0 28068804
0 27144100
0 26801329
0 25563136
0 23814400
0 20106256
0 19035769
0 17994564
0 16982641
0 16711744
0 16000000
0 14371681
0 13468900
0 11526025
0 10719076
0 9941409
0 9193024
0 6661561
0 6051600
0 4774225
0 4260096
0 2226064
0 1879641
0 1562500
0 1201216
0 896809
0 682276
0 497025
0 95481
0 1600
0 42797764
0 41229241
0 40806544
0 39690000
0 39275289
0 37773316
0 36300625
0 35640900
0 32433025
0 31069476
0 29735209
0 28430224
0 28079401
0 27154521
0 26811684
0 25573249
0 23824161
0 22657600
0 20115225
0 19044496
0 18003049
0 16990884
0 16719921
0 16008001
0 14379264
0 13476241
0 12602500
0 11532816
0 10725625
0 9947716
0 9199089
0 6666724
0 6056521
0 5475600
0 4778596
0 4264225
0 2229049
0 1882384
0 1565001
0 1276900
0 1203409
0 898704
0 683929
0 498436
0 1681
0 42810849
0 41242084
0 40819321
0 39702601
0 39287824
0 37785609
0 36312676
0 35652841
0 34222500
0 32444416
0 31080625
0 29746116
0 28440889
0 27164944
0 26822041
0 25583364
0 23833924
0 22667121
0 21529600
0 20124196
0 19053225
0 18011536
0 16999129
0 16016004
0 14386849
0 13483584
0 12609601
0 11764900
0 11539609
0 10732176
0 9954025
0 9205156
0 6671889
0 6061444
0 5480281
0 4928400
0 4782969
0 4268356
0 3572100
0 2232036
0 1885129
0 1567504
0 1279161
0 1205604
0 1020100
0 900601
0 685584
0 499849
0 1764
0 42823936
0 41254929
0 39715204
0 39300361
0 37797904
0 36324729
0 35664784
0 34234201
0 32832900
0 32455809
0 31091776
0 29757025
0 28451556
0 27175369
0 25593481
0 23843689
0 22676644
0 21538881
0 20430400
0 20133169
0 19061956
0 18020025
0 17007376
0 16024009
0 14394436
0 13490929
0 12616704
0 11771761
0 11546404
0 10956100
0 10738729
0 9960336
0 9211225
0 8880400
0 6677056
0 6066369
0 5484964
0 4932841
0 4787344
0 4410000
0 4272489
0 3575881
0 3132900
0 2235025
0 1887876
0 1570009
0 1281424
0 1207801
0 1022121
0 687241
0 501264
0 1849
0 42837025
0 41267776
0 39727809
0 37810201
0 36336784
0 35676729
0 34245904
0 32844361
0 32467204
0 31472100
0 31102929
0 29767936
0 28462225
0 27185796
0 23853456
0 22686169
0 21548164
0 20439441
0 20142144
0 19360000
0 19070689
0 18028516
0 17015625
0 16032016
0 14402025
0 13498276
0 12623809
0 11778624
0 11553201
0 10962721
0 10745284
0 9966649
0 9217296
0 8886361
0 8179600
0 6682225
0 6071296
0 5489649
0 4937284
0 4791721
0 4414201
0 4276624
0 3579664
0 3136441
0 2722500
0 2238016
0 1890625
0 1572516
0 1283689
0 1024144
0 502681
0 1936
0 42850116
0 41280625
0 39740416
0 36348841
0 35688676
0 34257609
0 32855824
0 32478601
0 31483321
0 31114084
0 29778849
0 28472896
0 27196225
0 23863225
0 22695696
0 21557449
0 20448484
0 20151121
0 19368801
0 19079424
0 18037009
0 17023876
0 16040025
0 15602500
0 14409616
0 13505625
0 12630916
0 11785489
0 10969344
0 10751841
0 9972964
0 9223369
0 8892324
0 8185321
0 7507600
0 6687396
0 6076225
0 5494336
0 4941729
0 4418404
0 4280761
0 3583449
0 3139984
0 2725801
0 2340900
0 2241009
0 1893376
0 1575025
0 1285956
0 1026169
0 2025
0 42863209
0 41293476
0 39753025
0 35700625
0 34269316
0 32867289
0 31494544
0 31125241
0 29789764
0 28483569
0 27206656
0 23872996
0 22705225
0 21566736
0 20457529
0 19377604
0 19088161
0 18045504
0 17032129
0 16048036
0 15610401
0 14668900
0 14417209
0 13512976
0 12638025
0 11792356
0 10975969
0 9979281
0 9229444
0 8898289
0 8191044
0 7513081
0 6864400
0 6692569
0 6081156
0 5499025
0 4946176
0 4422609
0 3587236
0 3143529
0 2729104
0 2343961
0 2244004
0 1988100
0 1896129
0 1577536
0 1288225
0 1028196
0 2116
0 42876304
0 41306329
0 39765636
0 35712576
0 34281025
0 32878756
0 31505769
0 29800681
0 28494244
0 27217089
0 24206400
0 23882769
0 22714756
0 21576025
0 20466576
0 19386409
0 18054001
0 17040384
0 16056049
0 15618304
0 14676561
0 14424804
0 13764100
0 13520329
0 12645136
0 11799225
0 10982596
0 9235521
0 8904256
0 8196769
0 7518564
0 6869641
0 6697744
0 6250000
0 6086089
0 5503716
0 4950625
0 4426816
0 3591025
0 3147076
0 2732409
0 2347024
0 2247001
0 1990921
0 1898884
0 1580049
0 1290496
0 1030225
0 2209
0 42889401
0 41319184
0 39778249
0 35724529
0 34292736
0 32890225
0 31516996
0 28504921
0 27227524
0 24216241
0 23892544
0 23040000
0 22724289
0 21585316
0 20475625
0 19395216
0 17048641
0 16064064
0 15626209
0 14684224
0 14432401
0 13771521
0 13527684
0 12652249
0 11806096
0 10989225
0 8910225
0 8202496
0 7524049
0 6874884
0 6702921
0 6255001
0 6091024
0 5508409
0 4955076
0 4431025
0 3594816
0 3150625
0 2735716
0 2350089
0 1993744
0 1901641
0 1582564
0 1292769
0 1032256
0 2304
0 41332041
0 39790864
0 35736484
0 34304449
0 32901696
0 31528225
0 27237961
0 24226084
0 23902321
0 23049601
0 22733824
0 21594609
0 20484676
0 19404025
0 16072081
0 15634116
0 14691889
0 13778944
0 13535041
0 12659364
0 11812969
0 10995856
0 8916196
0 8208225
0 7529536
0 6880129
0 6260004
0 6095961
0 5513104
0 4959529
0 4435236
0 3724900
0 3598609
0 3154176
0 2739025
0 2353156
0 1996569
0 1585081
0 1295044
0 1034289
0 2401
0 39803481
0 35748441
0 34316164
0 32913169
0 31539456
0 24235929
0 23059204
0 22743361
0 21603904
0 20493729
0 19412836
0 15642025
0 14699556
0 13786369
0 12666481
0 11819844
0 11002489
0 8922169
0 8213956
0 7535025
0 6885376
0 6265009
0 5517801
0 4963984
0 4439449
0 3728761
0 3602404
0 3276100
0 3157729
0 2742336
0 2356225
0 1999396
0 1297321
0 1036324
0 34327881
0 32924644
0 31550689
0 24245776
0 23068809
0 21613201
0 20502784
0 19421649
0 15649936
0 14707225
0 13793796
0 11826721
0 11009124
0 8928144
0 8410000
0 8219689
0 7540516
0 6890625
0 6270016
0 4968441
0 4443664
0 3732624
0 3606201
0 3279721
0 3161284
0 2745649
0 2359296
0 2002225
0 1038361
0 32936121
0 31561924
0 24255625
0 23078416
0 20511841
0 19430464
0 15657849
0 14714896
0 13801225
0 11015761
0 8934121
0 8415801
0 8225424
0 7546009
0 6895876
0 6275025
0 4447881
0 3736489
0 3283344
0 3164841
0 2748964
0 2362369
0 2005056
0 31573161
0 24265476
0 23088025
0 19439281
0 15665764
0 14722569
0 13808656
0 8421604
0 8231161
0 7551504
0 6901129
0 6280036
0 3740356
0 3286969
0 2752281
0 2365444
0 2007889
0 24275329
0 23097636
0 15673681
0 14730244
0 13816089
0 8427409
0 7557001
0 6906384
0 6285049
0 3744225
0 3290596
0 2368521
0 2010724
0 152100
0 24285184
0 23107249
0 14737921
0 13823524
0 8433216
0 6911641
0 6290064
0 3748096
0 3294225
0 2013561
0 152881
0 72900
0 24295041
0 23116864
0 13830961
0 8439025
0 6295081
0 3751969
0 3297856
0 153664
0 73441
0 22500
0 23126481
0 8444836
0 3755844
0 3301489
0 154449
0 73984
0 22801
0 8450649
0 3759721
0 3305124
0 624100
0 155236
0 74529
0 23104
0 8456464
0 3308761
0 625681
0 448900
0 156025
0 75076
0 23409
0 8462281
0 627264
0 450241
0 302500
0 156816
0 75625
0 23716
0 628849
0 451584
0 303601
0 184900
0 157609
0 76176
0 24025
0 630436
0 452929
0 304704
0 185761
0 158404
0 96100
0 76729
0 24336
0 16728100
0 632025
0 454276
0 305809
0 186624
0 159201
0 96721
0 77284
0 24649
0 40832100
0 26832400
0 16736281
0 902500
0 633616
0 455625
0 306916
0 187489
0 97344
0 77841
0 24964
0 40844881
0 39312900
0 26842761
0 25603600
0 16744464
0 904401
0 688900
0 635209
0 456976
0 308025
0 188356
0 97969
0 25281
0 40857664
0 39325441
0 37822500
0 26853124
0 25613721
0 16752649
0 4796100
0 906304
0 690561
0 636804
0 504100
0 458329
0 309136
0 189225
0 98596
0 40870449
0 39337984
0 37834801
0 36360900
0 26863489
0 25623844
0 20160100
0 16760836
0 10758400
0 4800481
0 4284900
0 908209
0 692224
0 638401
0 505521
0 459684
0 310249
0 190096
0 99225
0 40883236
0 39350529
0 37847104
0 36372961
0 31136400
0 26873856
0 25633969
0 20169081
0 19096900
0 16769025
0 10764961
0 9985600
0 4804864
0 4289041
0 910116
0 693889
0 506944
0 461041
0 311364
0 190969
0 99856
0 40896025
0 39363076
0 37859409
0 36385024
0 31147561
0 29811600
0 26884225
0 25644096
0 20178064
0 19105641
0 18062500
0 16777216
0 10771524
0 9991921
0 9241600
0 4809249
0 4293184
0 912025
0 695556
0 508369
0 312481
0 191844
0 100489
0 42902500
0 40908816
0 39375625
0 37871716
0 36397089
0 31158724
0 29822521
0 28515600
0 26894596
0 25654225
0 20187049
0 19114384
0 18071001
0 17056900
0 16785409
0 10778089
0 9998244
0 9247681
0 6708100
0 4813636
0 4297329
0 1904400
0 913936
0 697225
0 509796
0 192721
0 101124
0 42915601
0 41344900
0 40921609
0 39388176
0 37884025
0 36409156
0 31169889
0 29833444
0 28526281
0 27248400
0 26904969
0 25664356
0 23912100
0 20196036
0 19123129
0 18079504
0 17065161
0 16793604
0 16080100
0 13542400
0 10784656
0 10004569
0 9253764
0 6713281
0 6100900
0 4818025
0 4301476
0 1907161
0 1587600
0 915849
0 698896
0 511225
0 101761
0 2500
0 42928704
0 41357761
0 40934404
0 39816100
0 39400729
0 37896336
0 36421225
0 35760400
0 31181056
0 29844369
0 28536964
0 27258841
0 26915344
0 26010000
0 25674489
0 23921881
0 22752900
0 20205025
0 19131876
0 18088009
0 17073424
0 16801801
0 16088121
0 13549761
0 12673600
0 10791225
0 10010896
0 9259849
0 6718464
0 6105841
0 5522500
0 4822416
0 4305625
0 1909924
0 1590121
0 1299600
0 917764
0 700569
0 512656
0 2601
0 42941809
0 41370624
0 40947201
0 39828721
0 39413284
0 37908649
0 36433296
0 35772361
0 34339600
0 31192225
0 29855296
0 28547649
0 27269284
0 26925721
0 26020201
0 25684624
0 23931664
0 22762441
0 21622500
0 20214016
0 19140625
0 18096516
0 17081689
0 16096144
0 13557124
0 12680721
0 11833600
0 10797796
0 10017225
0 9265936
0 6723649
0 6110784
0 5527201
0 4972900
0 4826809
0 4309776
0 1912689
0 1592644
0 1301881
0 1040400
0 919681
0 702244
0 514089
0 2704
0 42954916
0 41383489
0 39841344
0 39425841
0 37920964
0 36445369
0 35784324
0 34351321
0 32947600
0 31203396
0 29866225
0 28558336
0 27279729
0 26030404
0 25694761
0 23941449
0 22771984
0 21631801
0 20520900
0 20223009
0 19149376
0 18105025
0 17089956
0 16104169
0 13564489
0 12687844
0 11840481
0 11022400
0 10804369
0 10023556
0 9272025
0 8940100
0 6728836
0 6115729
0 5531904
0 4977361
0 4831204
0 4452100
0 4313929
0 3168400
0 1915456
0 1595169
0 1304164
0 1042441
0 703921
0 515524
0 2809
0 42968025
0 41396356
0 39853969
0 37933281
0 36457444
0 35796289
0 34363044
0 32959081
0 31584400
0 31214569
0 29877156
0 28569025
0 27290176
0 26040609
0 23951236
0 22781529
0 21641104
0 20529961
0 20232004
0 19448100
0 19158129
0 18113536
0 17098225
0 16112196
0 13571856
0 12694969
0 11847364
0 11029041
0 10810944
0 10240000
0 10029889
0 9278116
0 8946081
0 8236900
0 6734025
0 6120676
0 5536609
0 4981824
0 4835601
0 4456321
0 4318084
0 3171961
0 2755600
0 1918225
0 1597696
0 1306449
0 1044484
0 516961
0 2916
0 42981136
0 41409225
0 39866596
0 36469521
0 35808256
0 34374769
0 32970564
0 31595641
0 31225744
0 30250000
0 29888089
0 28579716
0 27300625
0 26050816
0 23961025
0 22791076
0 21650409
0 20539024
0 20241001
0 19456921
0 19166884
0 18122049
0 17106496
0 16120225
0 15681600
0 13579225
0 12702096
0 11854249
0 11035684
0 10817521
0 10246401
0 10036224
0 9284209
0 8952064
0 8242641
0 7562500
0 6739216
0 6125625
0 5541316
0 4986289
0 4460544
0 4322241
0 3175524
0 2758921
0 2371600
0 1920996
0 1600225
0 1308736
0 1046529
0 3025
0 42994249
0 41422096
0 39879225
0 35820225
0 34386496
0 32982049
0 31606884
0 31236921
0 30261001
0 29899024
0 28590409
0 27311076
0 26061025
0 23970816
0 22800625
0 21659716
0 20548089
0 19465744
0 19175641
0 18130564
0 17114769
0 16128256
0 15689521
0 14745600
0 13586596
0 12709225
0 11861136
0 11042329
0 10252804
0 10042561
0 9290304
0 8958049
0 8248384
0 7568001
0 6916900
0 6744409
0 6130576
0 5546025
0 4990756
0 4464769
0 3179089
0 2762244
0 2374681
0 2016400
0 1923769
0 1602756
0 1311025
0 1048576
0 3136
0 43007364
0 41434969
0 39891856
0 35832196
0 34398225
0 32993536
0 31618129
0 30272004
0 29909961
0 28601104
0 27321529
0 26071236
0 24304900
0 23980609
0 22810176
0 21669025
0 20557156
0 19474569
0 18139081
0 17123044
0 16136289
0 15697444
0 14753281
0 13838400
0 13593969
0 12716356
0 11868025
0 11048976
0 10259209
0 9296401
0 8964036
0 8254129
0 7573504
0 6922161
0 6749604
0 6300100
0 6135529
0 5550736
0 4995225
0 4468996
0 3182656
0 2765569
0 2377764
0 2019241
0 1926544
0 1690000
0 1605289
0 1313316
0 1050625
0 3249
0 43020481
0 41447844
0 39904489
0 35844169
0 34409956
0 33005025
0 31629376
0 30283009
0 28611801
0 27331984
0 26081449
0 24314761
0 23990404
0 23136100
0 22819729
0 21678336
0 20566225
0 19483396
0 17131321
0 16144324
0 15705369
0 14760964
0 13845841
0 13601344
0 12960000
0 12723489
0 11874916
0 11055625
0 10265616
0 8970025
0 8259876
0 7579009
0 6927424
0 6754801
0 6305121
0 6140484
0 5555449
0 4999696
0 4473225
0 3186225
0 2768896
0 2380849
0 2022084
0 1929321
0 1692601
0 1607824
0 1315609
0 1052676
0 3364
0 41460721
0 39917124
0 35856144
0 34810000
0 34421689
0 33016516
0 31640625
0 30294016
0 27342441
0 26091664
0 24324624
0 24000201
0 23145721
0 22829284
0 21687649
0 20575296
0 19492225
0 16152361
0 15713296
0 14768649
0 13853284
0 13608721
0 12967201
0 12730624
0 11881809
0 11062276
0 10272025
0 8976016
0 8265625
0 7584516
0 6932689
0 6310144
0 6145441
0 5560164
0 5004169
0 4477456
0 3763600
0 3189796
0 2772225
0 2383936
0 2024929
0 1695204
0 1610361
0 1317904
0 1054729
0 3481
0 39929761
0 35868121
0 34821801
0 34433424
0 33028009
0 31651876
0 30305025
0 26101881
0 24334489
0 23155344
0 22838841
0 21696964
0 20584369
0 19501056
0 15721225
0 14776336
0 13860729
0 12974404
0 12737761
0 11888704
0 11068929
0 10278436
0 8982009
0 8271376
0 7590025
0 6937956
0 6315169
0 5564881
0 5008644
0 4481689
0 3767481
0 3312400
0 3193369
0 2775556
0 2387025
0 2027776
0 1697809
0 1320201
0 1056784
0 34833604
0 34445161
0 33039504
0 31663129
0 30316036
0 24344356
0 23164969
0 21706281
0 20593444
0 19509889
0 15729156
0 14784025
0 13868176
0 12981609
0 11895601
0 11075584
0 10284849
0 8988004
0 8468100
0 8277129
0 7595536
0 6943225
0 6320196
0 5013121
0 4485924
0 3771364
0 3316041
0 3196944
0 2890000
0 2778889
0 2390116
0 2030625
0 1700416
0 1058841
0 34845409
0 33051001
0 31674384
0 30327049
0 24354225
0 23174596
0 20602521
0 19518724
0 15737089
0 14791716
0 13875625
0 12988816
0 11082241
0 10291264
0 8994001
0 8473921
0 8282884
0 7601049
0 6948496
0 6325225
0 4490161
0 3775249
0 3319684
0 3200521
0 2893401
0 2782224
0 2393209
0 2033476
0 1703025
0 34857216
0 31685641
0 30338064
0 24364096
0 23184225
0 19527561
0 15745024
0 14799409
0 13883076
0 12996025
0 10297681
0 8479744
0 8288641
0 7606564
0 6953769
0 6330256
0 3779136
0 3323329
0 2896804
0 2785561
0 2396304
0 2036329
0 1705636
0 34869025
0 30349081
0 24373969
0 23193856
0 15752961
0 14807104
0 13890529
0 13003236
0 8485569
0 7612081
0 6959044
0 6335289
0 3783025
0 3326976
0 2900209
0 2399401
0 2039184
0 1708249
0 34880836
0 24383844
0 23203489
0 14814801
0 13897984
0 13010449
0 8491396
0 6964321
0 6340324
0 3786916
0 3330625
0 2903616
0 2042041
0 1710864
0 78400
0 34892649
0 24393721
0 23213124
0 13905441
0 13017664
0 8497225
0 6345361
0 3790809
0 3334276
0 2907025
0 1713481
0 78961
0 25600
0 34904464
0 23222761
0 13024881
0 8503056
0 3794704
0 3337929
0 2910436
0 79524
0 25921
0 34916281
0 8508889
0 3798601
0 3341584
0 2913849
0 80089
0 26244
0 8514724
0 3345241
0 2917264
0 462400
0 80656
0 26569
0 8520561
0 2920681
0 463761
0 313600
0 81225
0 26896
0 465124
0 314721
0 193600
0 81796
0 27225
0 466489
0 315844
0 194481
0 102400
0 82369
0 27556
0 467856
0 316969
0 195364
0 103041
0 82944
0 40000
0 27889
0 26936100
0 921600
0 469225
0 318096
0 196249
0 103684
0 83521
0 40401
0 28224
0 39438400
0 26946481
0 25704900
0 923521
0 705600
0 470596
0 319225
0 197136
0 104329
0 40804
0 28561
0 39450961
0 37945600
0 26956864
0 25715041
0 925444
0 707281
0 518400
0 471969
0 320356
0 198025
0 104976
0 41209
0 39463524
0 37957921
0 36481600
0 26967249
0 25725184
0 10824100
0 4326400
0 927369
0 708964
0 519841
0 473344
0 360000
0 321489
0 198916
0 105625
0 41616
0 39476089
0 37970244
0 36493681
0 31248100
0 26977636
0 25735329
0 19184400
0 10830681
0 10048900
0 4330561
0 929296
0 710649
0 521284
0 474721
0 361201
0 322624
0 199809
0 106276
0 42025
0 39488656
0 37982569
0 36505764
0 31259281
0 29920900
0 26988025
0 25745476
0 19193161
0 18147600
0 10837264
0 10055241
0 9302500
0 4334724
0 931225
0 712336
0 522729
0 362404
0 323761
0 200704
0 106929
0 42436
0 43033600
0 39501225
0 37994896
0 36517849
0 31270464
0 29931841
0 28622500
0 26998416
0 25755625
0 19201924
0 18156121
0 17139600
0 10843849
0 10061584
0 9308601
0 4338889
0 1932100
0 933156
0 714025
0 524176
0 363609
0 201601
0 107584
0 42849
0 43046721
0 41473600
0 39513796
0 38007225
0 36529936
0 31281649
0 29942784
0 28633201
0 27352900
0 27008809
0 25765776
0 19210689
0 18164644
0 17147881
0 16160400
0 13616100
0 10850436
0 10067929
0 9314704
0 6150400
0 4343056
0 1934881
0 1612900
0 935089
0 715716
0 525625
0 364816
0 108241
0 43264
0 3600
0 43059844
0 41486481
0 39942400
0 39526369
0 38019556
0 36542025
0 35880100
0 31292836
0 29953729
0 28643904
0 27363361
0 27019204
0 26112100
0 25775929
0 22848400
0 19219456
0 18173169
0 17156164
0 16168441
0 13623481
0 12744900
0 10857025
0 10074276
0 9320809
0 6155361
0 5569600
0 4347225
0 1937664
0 1615441
0 1322500
0 937024
0 717409
0 527076
0 366025
0 43681
0 3721
0 43072969
0 41499364
0 39955041
0 39538944
0 38440000
0 38031889
0 36554116
0 35892081
0 34456900
0 31304025
0 29964676
0 28654609
0 27373824
0 27029601
0 26122321
0 25786084
0 22857961
0 21715600
0 19228225
0 18181696
0 17164449
0 16176484
0 13630864
0 12752041
0 11902500
0 10863616
0 10080625
0 9326916
0 6160324
0 5574321
0 5017600
0 4351396
0 1940449
0 1617984
0 1324801
0 1060900
0 938961
0 719104
0 528529
0 367236
0 3844
0 43086096
0 41512249
0 39967684
0 39551521
0 38452401
0 38044224
0 36566209
0 35904064
0 34468641
0 33062500
0 31315216
0 29975625
0 28665316
0 27384289
0 26132544
0 25796241
0 22867524
0 21724921
0 20611600
0 19236996
0 18190225
0 17172736
0 16184529
0 13638249
0 12759184
0 11909401
0 11088900
0 10870209
0 10086976
0 9333025
0 6165289
0 5579044
0 5022081
0 4494400
0 4355569
0 3204100
0 1943236
0 1620529
0 1327104
0 1062961
0 720801
0 529984
0 368449
0 3969
0 43099225
0 41525136
0 39980329
0 38464804
0 38056561
0 36578304
0 35916049
0 34480384
0 33074001
0 31696900
0 31326409
0 29986576
0 28676025
0 27394756
0 26142769
0 22877089
0 21734244
0 20620681
0 19536400
0 19245769
0 18198756
0 17181025
0 16192576
0 13645636
0 12766329
0 11916304
0 11095561
0 10876804
0 10304100
0 10093329
0 9339136
0 8294400
0 6170256
0 5583769
0 5026564
0 4498641
0 4359744
0 4000000
0 3207681
0 2788900
0 1946025
0 1623076
0 1329409
0 1065024
0 531441
0 369664
0 4096
0 43112356
0 41538025
0 39992976
0 38477209
0 36590401
0 35928036
0 34492129
0 33085504
0 31708161
0 31337604
0 30360100
0 29997529
0 28686736
0 27405225
0 26152996
0 22886656
0 21743569
0 20629764
0 19545241
0 19254544
0 18490000
0 18207289
0 17189316
0 16200625
0 15760900
0 13653025
0 12773476
0 11923209
0 11102224
0 10883401
0 10310521
0 10099684
0 9345249
0 8300161
0 7617600
0 6175225
0 5588496
0 5031049
0 4502884
0 4363921
0 4004001
0 3211264
0 2792241
0 2402500
0 1948816
0 1625625
0 1331716
0 1067089
0 370881
0 4225
0 43560000
0 43125489
0 41550916
0 40005625
0 38489616
0 35940025
0 34503876
0 33097009
0 31719424
0 31348801
0 30371121
0 30008484
0 28697449
0 27415696
0 26163225
0 22896225
0 21752896
0 20638849
0 19554084
0 19263321
0 18498601
0 18215824
0 17197609
0 16208676
0 15768841
0 14822500
0 13660416
0 12780625
0 11930116
0 11108889
0 10316944
0 10106041
0 9351364
0 8305924
0 7623121
0 6969600
0 6180196
0 5593225
0 5035536
0 4507129
0 4008004
0 3214849
0 2795584
0 2405601
0 2044900
0 1951609
0 1628176
0 1334025
0 1069156
0 4356
0 43573201
0 43138624
0 41563809
0 40018276
0 38502025
0 35952016
0 34515625
0 33108516
0 31730689
0 30382144
0 30019441
0 28708164
0 27426169
0 26173456
0 24403600
0 22905796
0 21762225
0 20647936
0 19562929
0 18507204
0 18224361
0 17205904
0 16216729
0 15776784
0 14830201
0 13912900
0 13667809
0 12787776
0 11937025
0 11115556
0 10323369
0 9357481
0 8311689
0 7628644
0 6974881
0 6350400
0 6185169
0 5597956
0 5040025
0 4511376
0 4012009
0 3218436
0 2798929
0 2408704
0 2047761
0 1954404
0 1716100
0 1630729
0 1336336
0 1071225
0 4489
0 43586404
0 43151761
0 41576704
0 40030929
0 38514436
0 35964009
0 34527376
0 33120025
0 31741956
0 30393169
0 28718881
0 27436644
0 26183689
0 24413481
0 23232400
0 22915369
0 21771556
0 20657025
0 19571776
0 18515809
0 17214201
0 16224784
0 15784729
0 14837904
0 13920361
0 13675204
0 13032100
0 12794929
0 11943936
0 11122225
0 10329796
0 8317456
0 7634169
0 6980164
0 6355441
0 6190144
0 5760000
0 5602689
0 5044516
0 4515625
0 4016016
0 3222025
0 2802276
0 2411809
0 2050624
0 1957201
0 1718721
0 1633284
0 1338649
0 1073296
0 4624
0 43599609
0 41589601
0 40043584
0 38526849
0 35976004
0 34928100
0 34539129
0 33131536
0 31753225
0 30404196
0 27447121
0 26193924
0 24423364
0 23242041
0 22924944
0 22090000
0 21780889
0 20666116
0 19580625
0 18524416
0 16232841
0 15792676
0 14845609
0 13927824
0 13682601
0 13039321
0 12802084
0 11950849
0 11128896
0 10336225
0 8323225
0 7639696
0 6985449
0 6360484
0 6195121
0 5764801
0 5607424
0 5049009
0 4519876
0 4020025
0 3802500
0 3225616
0 2805625
0 2414916
0 2053489
0 1721344
0 1635841
0 1340964
0 1075369
0 4761
0 43612816
0 40056241
0 38539264
0 35988001
0 34939921
0 34550884
0 33143049
0 31764496
0 30415225
0 26204161
0 24433249
0 23251684
0 22934521
0 22099401
0 21790224
0 20675209
0 19589476
0 18533025
0 15800625
0 14853316
0 13935289
0 13046544
0 12809241
0 11957764
0 11135569
0 10342656
0 8328996
0 7645225
0 6990736
0 6365529
0 5769604
0 5612161
0 5053504
0 4524129
0 4024036
0 3806401
0 3348900
0 3229209
0 2808976
0 2418025
0 2056356
0 1723969
0 1343281
0 1077444
0 43626025
0 38551681
0 34951744
0 34562641
0 33154564
0 31775769
0 30426256
0 24443136
0 23261329
0 22108804
0 21799561
0 20684304
0 19598329
0 18541636
0 15808576
0 14861025
0 13942756
0 13053769
0 11964681
0 11142244
0 10349089
0 8526400
0 8334769
0 7650756
0 6996025
0 6370576
0 5774409
0 5058001
0 4528384
0 4028049
0 3810304
0 3352561
0 3232804
0 2924100
0 2812329
0 2421136
0 2059225
0 1726596
0 1079521
0 43639236
0 34963569
0 33166081
0 31787044
0 30437289
0 24453025
0 23270976
0 22118209
0 20693401
0 19607184
0 18550249
0 15816529
0 14868736
0 13950225
0 13060996
0 11148921
0 10355524
0 8532241
0 8340544
0 7840000
0 7656289
0 7001316
0 6375625
0 5779216
0 4532641
0 4032064
0 3814209
0 3356224
0 3236401
0 2927521
0 2815684
0 2424249
0 2062096
0 1729225
0 43652449
0 34975396
0 31798321
0 30448324
0 24462916
0 23280625
0 22127616
0 19616041
0 18558864
0 15824484
0 14876449
0 13957696
0 13068225
0 10361961
0 8538084
0 8346321
0 7845601
0 7661824
0 7006609
0 6380676
0 5784025
0 4036081
0 3818116
0 3359889
0 2930944
0 2819041
0 2427364
0 2064969
0 1731856
0 43665664
0 34987225
0 30459361
0 24472809
0 23290276
0 22137025
0 18567481
0 15832441
0 14884164
0 13965169
0 13075456
0 8543929
0 7851204
0 7667361
0 7011904
0 6385729
0 5788836
0 3822025
0 3363556
0 2934369
0 2430481
0 2067844
0 1734489
0 43678881
0 34999056
0 24482704
0 23299929
0 22146436
0 14891881
0 13972644
0 13082689
0 8549776
0 7856809
0 7017201
0 6390784
0 5793649
0 3825936
0 3367225
0 2937796
0 2070721
0 1737124
0 84100
0 35010889
0 24492601
0 23309584
0 22155849
0 13980121
0 13089924
0 8555625
0 7862416
0 6395841
0 5798464
0 3829849
0 3370896
0 2941225
0 1739761
0 84681
0 28900
0 35022724
0 23319241
0 22165264
0 13097161
0 8561476
0 7868025
0 5803281
0 3833764
0 3374569
0 2944656
0 85264
0 29241
0 35034561
0 22174681
0 8567329
0 7873636
0 3837681
0 3378244
0 2948089
0 85849
0 29584
0 8573184
0 7879249
0 3381921
0 2951524
0 476100
0 86436
0 29929
0 8579041
0 7884864
0 2954961
0 477481
0 324900
0 87025
0 30276
0 7890481
0 478864
0 326041
0 202500
0 87616
0 30625
0 480249
0 327184
0 203401
0 108900
0 88209
0 30976
0 481636
0 328329
0 204304
0 109561
0 88804
0 44100
0 31329
0 940900
0 483025
0 329476
0 205209
0 110224
0 89401
0 44521
0 31684
0 39564100
0 25806400
0 942841
0 722500
0 484416
0 330625
0 206116
0 110889
0 44944
0 32041
0 39576681
0 38068900
0 25816561
0 944784
0 724201
0 532900
0 485809
0 331776
0 207025
0 111556
0 45369
0 39589264
0 38081241
0 36602500
0 25826724
0 4368100
0 946729
0 725904
0 534361
0 487204
0 372100
0 332929
0 207936
0 112225
0 45796
0 39601849
0 38093584
0 36614601
0 25836889
0 19272100
0 10112400
0 4372281
0 948676
0 727609
0 535824
0 488601
0 373321
0 334084
0 208849
0 112896
0 46225
0 39614436
0 38105929
0 36626704
0 30030400
0 25847056
0 19280881
0 18232900
0 10118761
0 9363600
0 4376464
0 950625
0 729316
0 537289
0 374544
0 335241
0 209764
0 113569
0 46656
0 43164900
0 39627025
0 38118276
0 36638809
0 30041361
0 28729600
0 25857225
0 19289664
0 18241441
0 17222500
0 10125124
0 9369721
0 4380649
0 952576
0 731025
0 538756
0 375769
0 210681
0 114244
0 47089
0 43178041
0 41602500
0 39639616
0 38130625
0 36650916
0 30052324
0 28740321
0 27457600
0 25867396
0 19298449
0 18249984
0 17230801
0 16240900
0 10131489
0 9375844
0 6200100
0 4384836
0 1638400
0 954529
0 732736
0 540225
0 376996
0 114921
0 47524
0 4900
0 43191184
0 41615401
0 40068900
0 39652209
0 38142976
0 36663025
0 30063289
0 28751044
0 27468081
0 26214400
0 25877569
0 22944100
0 19307236
0 18258529
0 17239104
0 16248961
0 12816400
0 10137856
0 9381969
0 6205081
0 5616900
0 4389025
0 1640961
0 1345600
0 956484
0 734449
0 541696
0 378225
0 47961
0 5041
0 43204329
0 41628304
0 40081561
0 39664804
0 38564100
0 38155329
0 36675136
0 34574400
0 30074256
0 28761769
0 27478564
0 26224641
0 25887744
0 25000000
0 22953681
0 21808900
0 19316025
0 18267076
0 17247409
0 16257024
0 12823561
0 11971600
0 10144225
0 9388096
0 6210064
0 5621641
0 5062500
0 4393216
0 1643524
0 1347921
0 1081600
0 958441
0 736164
0 543169
0 379456
0 5184
0 43217476
0 41641209
0 40094224
0 39677401
0 38576521
0 38167684
0 36687249
0 34586161
0 33177600
0 30085225
0 28772496
0 27489049
0 26234884
0 25897921
0 25010001
0 22963264
0 21818241
0 20702500
0 19324816
0 18275625
0 17255716
0 16265089
0 12830724
0 11978521
0 11155600
0 10150596
0 9394225
0 6215049
0 5626384
0 5067001
0 4536900
0 4397409
0 1646089
0 1350244
0 1083681
0 737881
0 544644
0 380689
0 5329
0 43230625
0 41654116
0 40106889
0 38588944
0 38180041
0 36699364
0 34597924
0 33189121
0 31809600
0 30096196
0 28783225
0 27499536
0 26245129
0 25020004
0 22972849
0 21827584
0 20711601
0 19624900
0 19333609
0 18284176
0 17264025
0 16273156
0 12837889
0 11985444
0 11162281
0 10368400
0 10156969
0 9400356
0 8352100
0 6220036
0 5631129
0 5071504
0 4541161
0 4401604
0 4040100
0 2822400
0 1648656
0 1352569
0 1085764
0 546121
0 381924
0 5476
0 43243776
0 41667025
0 40119556
0 38601369
0 36711481
0 34609689
0 33200644
0 31820881
0 30470400
0 30107169
0 28793956
0 27510025
0 26255376
0 25030009
0 22982436
0 21836929
0 20720704
0 19633761
0 19342404
0 18576100
0 18292729
0 17272336
0 16281225
0 15840400
0 12845056
0 11992369
0 11168964
0 10374841
0 10163344
0 9610000
0 9406489
0 8357881
0 7672900
0 6225025
0 5635876
0 5076009
0 4545424
0 4405801
0 4044121
0 2825761
0 2433600
0 1651225
0 1354896
0 1087849
0 383161
0 5625
0 43692100
0 43256929
0 41679936
0 40132225
0 38613796
0 34621456
0 33212169
0 31832164
0 30481441
0 30118144
0 29160000
0 28804689
0 27520516
0 26265625
0 25040016
0 22992025
0 21846276
0 20729809
0 19642624
0 19351201
0 18584721
0 18301284
0 17280649
0 16289296
0 15848361
0 14899600
0 12852225
0 11999296
0 11175649
0 10381284
0 10169721
0 9616201
0 9412624
0 8363664
0 7678441
0 7022500
0 6230016
0 5640625
0 5080516
0 4549689
0 4048144
0 2829124
0 2436721
0 2073600
0 1653796
0 1357225
0 1089936
0 5776
0 43705321
0 43270084
0 41692849
0 40144896
0 38626225
0 34633225
0 33223696
0 31843449
0 30492484
0 30129121
0 29170801
0 28815424
0 27531009
0 26275876
0 25050025
0 24502500
0 23001616
0 21855625
0 20738916
0 19651489
0 18593344
0 18309841
0 17288964
0 16297369
0 15856324
0 14907321
0 13987600
0 12859396
0 12006225
0 11182336
0 10387729
0 9622404
0 9418761
0 8369449
0 7683984
0 7027801
0 6400900
0 6235009
0 5645376
0 5085025
0 4553956
0 4052169
0 2832489
0 2439844
0 2076481
0 1742400
0 1656369
0 1359556
0 1092025
0 5929
0 43718544
0 43283241
0 41705764
0 40157569
0 38638656
0 34644996
0 33235225
0 31854736
0 30503529
0 29181604
0 28826161
0 27541504
0 26286129
0 25060036
0 24512401
0 23328900
0 23011209
0 21864976
0 20748025
0 19660356
0 18601969
0 17297281
0 16305444
0 15864289
0 14915044
0 13995081
0 13104400
0 12866569
0 12013156
0 11189025
0 10394176
0 9628609
0 8375236
0 7689529
0 7033104
0 6405961
0 6240004
0 5808100
0 5650129
0 5089536
0 4558225
0 4056196
0 2835856
0 2442969
0 2079364
0 1745041
0 1658944
0 1440000
0 1361889
0 1094116
0 6084
0 43731769
0 41718681
0 40170244
0 38651089
0 35046400
0 34656769
0 33246756
0 31866025
0 30514576
0 29192409
0 27552001
0 26296384
0 25070049
0 24522304
0 23338561
0 23020804
0 22184100
0 21874329
0 20757136
0 19669225
0 18610596
0 16313521
0 15872256
0 14922769
0 14002564
0 13111641
0 12873744
0 12250000
0 12020089
0 11195716
0 10400625
0 9634816
0 8381025
0 7695076
0 7038409
0 6411024
0 6245001
0 5812921
0 5654884
0 5094049
0 4562496
0 4060225
0 3841600
0 2839225
0 2446096
0 2082249
0 1747684
0 1661521
0 1442401
0 1364224
0 1096209
0 6241
0 43744996
0 40182921
0 38663524
0 35058241
0 34668544
0 33640000
0 33258289
0 31877316
0 30525625
0 29203216
0 26306641
0 25080064
0 24532209
0 23348224
0 23030401
0 22193521
0 21883684
0 20766249
0 19678096
0 18619225
0 15880225
0 14930496
0 14010049
0 13118884
0 12880921
0 12257001
0 12027024
0 11202409
0 10407076
0 9641025
0 8386816
0 7700625
0 7043716
0 6416089
0 5817744
0 5659641
0 5098564
0 4566769
0 4064256
0 3845521
0 3385600
0 2842596
0 2449225
0 2085136
0 1750329
0 1444804
0 1366561
0 1098304
0 43758225
0 38675961
0 35070084
0 34680321
0 33651601
0 33269824
0 31888609
0 30536676
0 29214025
0 25090081
0 24542116
0 23357889
0 22202944
0 21893041
0 20775364
0 19686969
0 18627856
0 15888196
0 14938225
0 14017536
0 13126129
0 12264004
0 12033961
0 11209104
0 10413529
0 9647236
0 8584900
0 8392609
0 7706176
0 7049025
0 6421156
0 5822569
0 5103081
0 4571044
0 4068289
0 3849444
0 3389281
0 2958400
0 2845969
0 2452356
0 2088025
0 1752976
0 1447209
0 1100401
0 43771456
0 35081929
0 33663204
0 33281361
0 31899904
0 30547729
0 29224836
0 24552025
0 23367556
0 22212369
0 20784481
0 19695844
0 18636489
0 15896169
0 14945956
0 14025025
0 13133376
0 12271009
0 11215801
0 10419984
0 9653449
0 8590761
0 8398404
0 7896100
0 7711729
0 7054336
0 6426225
0 5827396
0 4575321
0 4072324
0 3853369
0 3392964
0 2961841
0 2849344
0 2560000
0 2455489
0 2090916
0 1755625
0 1449616
0 43784689
0 35093776
0 33674809
0 31911201
0 30558784
0 29235649
0 24561936
0 23377225
0 22221796
0 19704721
0 18645124
0 15904144
0 15210000
0 14953689
0 14032516
0 13140625
0 12278016
0 10426441
0 9659664
0 8596624
0 8404201
0 7901721
0 7717284
0 7059649
0 6431296
0 5832225
0 4076361
0 3857296
0 3396649
0 2965284
0 2852721
0 2563201
0 2458624
0 2093809
0 1758276
0 1452025
0 43797924
0 35105625
0 33686416
0 30569841
0 29246464
0 24571849
0 23386896
0 22231225
0 18653761
0 15912121
0 15217801
0 14961424
0 14040009
0 13147876
0 12285025
0 9665881
0 8602489
0 7907344
0 7722841
0 7064964
0 6436369
0 5837056
0 3861225
0 3400336
0 2968729
0 2566404
0 2461761
0 2096704
0 1760929
0 1454436
0 43811161
0 35117476
0 33698025
0 29257281
0 24581764
0 23396569
0 22240656
0 15225604
0 14969161
0 14047504
0 13155129
0 12292036
0 8608356
0 7912969
0 7070281
0 6441444
0 5841889
0 3865156
0 3404025
0 2972176
0 2569609
0 2099601
0 1763584
0 1456849
0 35129329
0 33709636
0 24591681
0 23406244
0 22250089
0 15233409
0 14055001
0 13162384
0 12299049
0 8614225
0 7918596
0 6446521
0 5846724
0 3869089
0 3407716
0 2975625
0 2572816
0 1766241
0 1459264
0 32400
0 35141184
0 33721249
0 23415921
0 22259524
0 15241216
0 13169641
0 12306064
0 8620096
0 7924225
0 5851561
0 3873024
0 3411409
0 2979076
0 2576025
0 1461681
0 32761
0 35153041
0 33732864
0 22268961
0 15249025
0 12313081
0 8625969
0 7929856
0 3876961
0 3415104
0 2982529
0 2579236
0 33124
0 33744481
0 15256836
0 8631844
0 7935489
0 3418801
0 2985984
0 2582449
0 33489
0 15264649
0 8637721
0 7941124
0 2989441
0 2585664
0 336400
0 33856
0 15272464
0 7946761
0 2588881
0 337561
0 211600
0 34225
0 15280281
0 338724
0 212521
0 115600
0 34596
0 339889
0 213444
0 116281
0 48400
0 34969
0 960400
0 341056
0 214369
0 116964
0 48841
0 35344
0 10000
0 25908100
0 962361
0 739600
0 342225
0 215296
0 117649
0 49284
0 35721
0 10201
0 38192400
0 25918281
0 964324
0 741321
0 547600
0 343396
0 216225
0 118336
0 49729
0 10404
0 38204761
0 36723600
0 25928464
0 966289
0 743044
0 549081
0 384400
0 344569
0 217156
0 119025
0 50176
0 10609
0 38217124
0 36735721
0 25938649
0 10176100
0 968256
0 744769
0 550564
0 385641
0 345744
0 250000
0 218089
0 119716
0 50625
0 10816
0 38229489
0 36747844
0 30140100
0 25948836
0 18318400
0 10182481
0 9424900
0 970225
0 746496
0 552049
0 386884
0 346921
0 251001
0 219024
0 120409
0 51076
0 11025
0 43296400
0 38241856
0 36759969
0 30151081
0 28836900
0 25959025
0 18326961
0 17305600
0 10188864
0 9431041
0 972196
0 748225
0 553536
0 388129
0 252004
0 219961
0 121104
0 51529
0 11236
0 43309561
0 41731600
0 38254225
0 36772096
0 30162064
0 28847641
0 27562500
0 25969216
0 18335524
0 17313921
0 16321600
0 10195249
0 9437184
0 1664100
0 974169
0 749956
0 555025
0 389376
0 253009
0 121801
0 51984
0 11449
0 6400
0 43322724
0 41744521
0 40195600
0 38266596
0 36784225
0 30173049
0 28858384
0 27573001
0 26316900
0 25979409
0 18344089
0 17322244
0 16329681
0 12888100
0 10201636
0 9443329
0 5664400
0 1666681
0 1368900
0 976144
0 810000
0 751689
0 556516
0 390625
0 254016
0 52441
0 11664
0 6561
0 43335889
0 41757444
0 40208281
0 38688400
0 38278969
0 36796356
0 34692100
0 30184036
0 28869129
0 27583504
0 26327161
0 25989604
0 25100100
0 21902400
0 18352656
0 17330569
0 16337764
0 12895281
0 12040900
0 10208025
0 9449476
0 5669161
0 5107600
0 1669264
0 1371241
0 1102500
0 978121
0 811801
0 753424
0 558009
0 391876
0 255025
0 11881
0 6724
0 43349056
0 41770369
0 40220964
0 38700841
0 38291344
0 37210000
0 36808489
0 34703881
0 33292900
0 30195025
0 28879876
0 27594009
0 26337424
0 25999801
0 25110121
0 21911761
0 20793600
0 18361225
0 17338896
0 16345849
0 12902464
0 12047841
0 11222500
0 10214416
0 9455625
0 5673924
0 5112121
0 4579600
0 1671849
0 1373584
0 1104601
0 813604
0 755161
0 559504
0 393129
0 256036
0 6889
0 43362225
0 41783296
0 40233649
0 38713284
0 38303721
0 37222201
0 36820624
0 34715664
0 33304441
0 31922500
0 30206016
0 28890625
0 27604516
0 26347689
0 25120144
0 21921124
0 20802721
0 19713600
0 18369796
0 17347225
0 16353936
0 12909649
0 12054784
0 11229201
0 10432900
0 10220809
0 9461776
0 5678689
0 5116644
0 4583881
0 4080400
0 2856100
0 1674436
0 1375929
0 1106704
0 815409
0 561001
0 394384
0 257049
0 7056
0 43375396
0 41796225
0 40246336
0 38725729
0 37234404
0 36832761
0 34727449
0 33315984
0 31933801
0 30580900
0 30217009
0 28901376
0 27615025
0 26357956
0 25130169
0 21930489
0 20811844
0 19722481
0 18662400
0 18378369
0 17355556
0 16362025
0 15920100
0 12916836
0 12061729
0 11235904
0 10439361
0 10227204
0 9672100
0 9467929
0 7728400
0 5683456
0 5121169
0 4588164
0 4084441
0 2859481
0 2464900
0 1677025
0 1378276
0 1108809
0 817216
0 395641
0 258064
0 7225
0 43824400
0 43388569
0 41809156
0 40259025
0 38738176
0 37246609
0 34739236
0 33327529
0 31945104
0 30591961
0 30228004
0 29268100
0 28912129
0 27625536
0 26368225
0 25140196
0 21939856
0 20820969
0 19731364
0 18671041
0 18386944
0 17640000
0 17363889
0 16370116
0 15928081
0 14976900
0 12924025
0 12068676
0 11242609
0 10445824
0 10233601
0 9678321
0 9474084
0 7733961
0 7075600
0 5688225
0 5125696
0 4592449
0 4088484
0 2862864
0 2468041
0 2102500
0 1679616
0 1380625
0 1110916
0 819025
0 259081
0 7396
0 43837641
0 43401744
0 42250000
0 41822089
0 40271716
0 38750625
0 37258816
0 34751025
0 33339076
0 31956409
0 30603024
0 30239001
0 29278921
0 28922884
0 27636049
0 26378496
0 25150225
0 24601600
0 21949225
0 20830096
0 19740249
0 18679684
0 18395521
0 17648401
0 17372224
0 16378209
0 15936064
0 14984641
0 14062500
0 12931216
0 12075625
0 11249316
0 10452289
0 9684544
0 9480241
0 7739524
0 7080921
0 6451600
0 5692996
0 5130225
0 4596736
0 4092529
0 2866249
0 2471184
0 2105401
0 1768900
0 1682209
0 1382976
0 1113025
0 820836
0 7569
