00000000000649
00000000001364
00000000002134
00000000002848
00000000003487
00000000004081
00000000004600
00000000005029
00000000005397
00000000005690
00000000005908
00000000006051
00000000006077
00000000006200
00000000006310
00000000006404
00000000006482
00000000006574
00000000006669
00000000006790
00000000006951
00000000007200
00000000007455
00000000007724
00000000008053
00000000008458
00000000008910
00000000009408
00000000009952
00000000010592
00000000011333
00000000012120
00000000012939
00000000013776
00000000014606
00000000015392
00000000016147
00000000016851
00000000017470
00000000017987
00000000018419
00000000018751
00000000018981
00000000019143
00000000019202
00000000019328
00000000019440
00000000019530
00000000019619
00000000019738
00000000019813
00000000019948
00000000020191
00000000020409
00000000020679
00000000020983
00000000021372
00000000021830
00000000022343
00000000022908
00000000023542
00000000024279
00000000025100
00000000025989
00000000026895
00000000027819
00000000028676
00000000029499
00000000030271
00000000030992
00000000031611
00000000032128
00000000032545
00000000032843
00000000033056
00000000033115
00000000033275
00000000033421
00000000033545
00000000033647
00000000033752
00000000033813
00000000033934
00000000034083
00000000034316
00000000034538
00000000034777
00000000035084
00000000035443
00000000035871
00000000036334
00000000036849
00000000037467
00000000038203
00000000039007
00000000039845
00000000040735
00000000041592
00000000042432
00000000043221
00000000043993
00000000044680
00000000045282
00000000045784
00000000046184
00000000046482
00000000046695
00000000046771
00000000046948
00000000047094
00000000047202
00000000047292
00000000047381
00000000047426
00000000047514
00000000047630
00000000047847
00000000048035
00000000048274
00000000048564
00000000048939
00000000049349
00000000049811
00000000050342
00000000050991
00000000051743
00000000052563
00000000053418
00000000054291
00000000055148
00000000055971
00000000056794
00000000057566
00000000058270
00000000058857
00000000059359
00000000059742
00000000060023
00000000060167
00000000060378
00000000060554
00000000060700
00000000060820
00000000060926
00000000061031
00000000061076
00000000061192
00000000061392
00000000061563
00000000061768
00000000062007
00000000062314
00000000062656
00000000063033
00000000063462
00000000064009
00000000064676
00000000065411
00000000066181
00000000067003
00000000067843
00000000068666
00000000069506
00000000070329
00000000071118
00000000071790
00000000072360
00000000072845
00000000073228
00000000073526
00000000073687
00000000073915
00000000074096
00000000074239
00000000074343
00000000074433
00000000074462
00000000074534
00000000074634
00000000074834
00000000075005
00000000075193
00000000075448
00000000075754
00000000076095
00000000076471
00000000076948
00000000077528
00000000078211
00000000078946
00000000079716
00000000080555
00000000081463
00000000082320
00000000083177
00000000084017
00000000084757
00000000085412
00000000085982
00000000086467
00000000086850
00000000087164
00000000087324
00000000087552
00000000087733
00000000087871
00000000087978
00000000088067
00000000088096
00000000088196
00000000088380
00000000088533
00000000088704
00000000088925
00000000089180
00000000089470
00000000089778
00000000090170
00000000090648
00000000091246
00000000091896
00000000092581
00000000093352
00000000094226
00000000095066
00000000095923
00000000096797
00000000097605
00000000098345
00000000099000
00000000099604
00000000100110
00000000100532
00000000100791
00000000101086
00000000101309
00000000101483
00000000101610
00000000101705
00000000101781
00000000101799
00000000101966
00000000102109
00000000102271
00000000102468
00000000102700
00000000102986
00000000103291
00000000103667
00000000104133
00000000104708
00000000105357
00000000106061
00000000106820
00000000107760
00000000108665
00000000000661
00000000001392
00000000002164
00000000002878
00000000003517
00000000004111
00000000004630
00000000005059
00000000005412
00000000005615
00000000005848
00000000006024
00000000006163
00000000006259
00000000006339
00000000006354
00000000006496
00000000006602
00000000006722
00000000006872
00000000007036
00000000007230
00000000007440
00000000007694
00000000008008
00000000008398
00000000008850
00000000009348
00000000009877
00000000010608
00000000011349
00000000012136
00000000012971
00000000013808
00000000014638
00000000015426
00000000016181
00000000016885
00000000017504
00000000018004
00000000018317
00000000018666
00000000018930
00000000019126
00000000019270
00000000019379
00000000019457
00000000000000
00000000019607
00000000019722
00000000019873
00000000020024
00000000020208
00000000020426
00000000020662
00000000020949
00000000021321
00000000021762
00000000022275
00000000022840
00000000023559
00000000024313
00000000025134
00000000026023
00000000026946
00000000027870
00000000028727
00000000029550
00000000030322
00000000031043
00000000031645
00000000032145
00000000032494
00000000032809
00000000033039
00000000033217
00000000033360
00000000033468
00000000033562
00000000033635
00000000033736
00000000033873
00000000034010
00000000034163
00000000034333
00000000034521
00000000034743
00000000035033
00000000035375
00000000035803
00000000036266
00000000036866
00000000037501
00000000038237
00000000039041
00000000039896
00000000040786
00000000041643
00000000042466
00000000043255
00000000044027
00000000044714
00000000045299
00000000045716
00000000046133
00000000046448
00000000046678
00000000046873
00000000047016
00000000047124
00000000000000
00000000047263
00000000047365
00000000047470
00000000047574
00000000047694
00000000047814
00000000047952
00000000048172
00000000048445
00000000048871
00000000049281
00000000049743
00000000050359
00000000051025
00000000051777
00000000052597
00000000053469
00000000054342
00000000055199
00000000056022
00000000056845
00000000057617
00000000058304
00000000058874
00000000059308
00000000059708
00000000060006
00000000060252
00000000060446
00000000060605
00000000060717
00000000060774
00000000060893
00000000061015
00000000061136
00000000061256
00000000061376
00000000061497
00000000061652
00000000061905
00000000062212
00000000062588
00000000062965
00000000063479
00000000064043
00000000064710
00000000065445
00000000066232
00000000067054
00000000067894
00000000068717
00000000069557
00000000070380
00000000071152
00000000071807
00000000072377
00000000072862
00000000073245
00000000073543
00000000073789
00000000074000
00000000074143
00000000074256
00000000074297
00000000074400
00000000074506
00000000074594
00000000074698
00000000074802
00000000074923
00000000075082
00000000075363
00000000075703
00000000076044
00000000076488
00000000076982
00000000077579
00000000078262
00000000078997
00000000079784
00000000080623
00000000081446
00000000082303
00000000083160
00000000084000
00000000084740
00000000085395
00000000085965
00000000086450
00000000086833
00000000087147
00000000087426
00000000087620
00000000087763
00000000087808
00000000087928
00000000088051
00000000088156
00000000088260
00000000088364
00000000088468
00000000088610
00000000088857
00000000089112
00000000089419
00000000089795
00000000090204
00000000090699
00000000091297
00000000091947
00000000092649
00000000093420
00000000094209
00000000095049
00000000095906
00000000096780
00000000097588
00000000098328
00000000098983
00000000099587
00000000100092
00000000100514
00000000100881
00000000101158
00000000101363
00000000101501
00000000101526
00000000101652
00000000101764
00000000101857
00000000101949
00000000102058
00000000102190
00000000102352
00000000102646
00000000102950
00000000103309
00000000103703
00000000104187
00000000104780
00000000105429
00000000106133
00000000106910
00000000107742
00000000108647
