00000000168495
00000000168514
00000000168533
00000000166254
00000000163975
00000000161696
00000000112949
00000000112965
00000000112981
00000000112997
00000000113013
00000000113029
00000000113045
00000000006200
00000000006310
00000000134112
00000000153689
00000000153707
00000000153725
00000000153743
00000000153761
00000000153779
00000000153797
00000000153815
00000000168552
00000000168571
00000000168590
00000000168609
00000000168628
00000000168647
00000000168666
00000000168685
00000000168704
00000000168723
00000000166444
00000000164165
00000000161886
00000000159610
00000000113129
00000000113146
00000000113163
00000000113180
00000000113197
00000000113214
00000000019202
00000000019328
00000000019440
00000000153869
00000000153886
00000000153904
00000000153922
00000000153940
00000000153958
00000000153976
00000000153994
00000000168742
00000000168761
00000000168780
00000000168799
00000000168818
00000000168837
00000000168856
00000000168875
00000000168894
00000000168913
00000000166634
00000000164355
00000000162076
00000000159797
00000000113302
00000000113320
00000000113338
00000000113356
00000000113374
00000000113392
00000000111282
00000000033275
00000000033421
00000000033545
00000000151903
00000000151920
00000000151937
00000000151954
00000000151971
00000000151988
00000000152005
00000000152022
00000000166653
00000000166672
00000000166691
00000000166710
00000000166729
00000000166748
00000000166767
00000000166786
00000000166805
00000000166824
00000000164545
00000000162266
00000000159987
00000000157810
00000000130753
00000000130771
00000000130789
00000000130807
00000000130825
00000000130843
00000000130861
00000000046948
00000000047094
00000000152076
00000000152093
00000000152110
00000000152127
00000000152144
00000000152161
00000000152178
00000000152195
00000000166843
00000000166862
00000000166881
00000000166900
00000000166919
00000000166938
00000000166957
00000000166976
00000000166995
00000000167014
00000000164735
00000000162456
00000000160177
00000000157990
00000000130932
00000000130950
00000000130968
00000000130986
00000000131004
00000000131022
00000000131040
00000000060378
00000000060554
00000000060700
00000000060820
00000000060926
00000000061031
00000000061076
00000000061192
00000000061392
00000000061563
00000000144893
00000000164754
00000000164773
00000000164792
00000000164811
00000000164830
00000000164849
00000000164868
00000000164887
00000000164906
00000000164925
00000000162646
00000000160367
00000000158170
00000000156010
00000000131130
00000000131148
00000000131166
00000000131184
00000000131202
00000000131220
00000000129063
00000000073915
00000000074096
00000000074239
00000000074343
00000000074433
00000000074462
00000000074534
00000000074634
00000000074834
00000000123346
00000000164944
00000000164963
00000000164982
00000000165001
00000000165020
00000000165039
00000000165058
00000000165077
00000000165096
00000000165115
00000000162836
00000000160557
00000000158350
00000000156190
00000000148706
00000000148724
00000000148742
00000000148760
00000000148778
00000000148796
00000000148814
00000000148832
00000000087552
00000000087733
00000000087871
00000000087978
00000000088067
00000000088096
00000000088196
00000000088380
00000000088533
00000000143094
00000000162855
00000000162874
00000000162893
00000000162912
00000000162931
00000000162950
00000000162969
00000000162988
00000000163007
00000000163026
00000000160747
00000000158530
00000000156370
00000000154210
00000000148903
00000000148921
00000000148939
00000000148957
00000000148975
00000000148993
00000000149011
00000000101086
00000000101309
00000000101483
00000000101610
00000000101705
00000000101781
00000000101799
00000000101966
00000000102109
00000000121560
00000000163045
00000000163064
00000000163083
00000000163102
00000000163121
00000000163140
00000000163159
00000000163178
00000000163197
00000000163216
00000000160937
00000000158710
00000000156550
00000000154390
00000000149083
00000000149101
00000000149119
00000000149137
00000000149155
00000000149173
00000000149191
00000000147034
00000000005848
00000000006024
00000000006163
00000000006259
00000000006339
00000000006354
00000000006496
00000000006602
00000000006722
00000000141295
00000000160956
00000000160975
00000000160994
00000000161013
00000000161032
00000000161051
00000000161070
00000000161089
00000000161108
00000000161127
00000000158890
00000000156730
00000000167033
00000000167052
00000000167071
00000000167090
00000000167109
00000000167128
00000000167147
00000000167166
00000000167185
00000000167204
00000000018930
00000000019126
00000000019270
00000000019379
00000000019457
00000000000000
00000000019607
00000000019722
00000000119781
00000000161146
00000000161165
00000000161184
00000000161203
00000000161222
00000000161241
00000000161260
00000000161279
00000000161298
00000000161317
00000000159070
00000000156910
00000000167222
00000000167241
00000000167260
00000000167279
00000000167298
00000000167317
00000000167336
00000000167355
00000000167374
00000000167393
00000000032809
00000000033039
00000000033217
00000000033360
00000000033468
00000000033562
00000000033635
00000000033736
00000000033873
00000000139495
00000000159088
00000000159106
00000000159124
00000000159142
00000000159160
00000000159178
00000000159196
00000000159214
00000000159232
00000000159250
00000000157090
00000000167412
00000000167431
00000000167450
00000000167469
00000000167488
00000000167507
00000000167526
00000000167545
00000000167564
00000000167583
00000000165305
00000000046448
00000000046678
00000000046873
00000000047016
00000000047124
00000000000000
00000000047263
00000000047365
00000000118005
00000000159268
00000000159286
00000000159304
00000000159322
00000000159340
00000000159358
00000000159376
00000000159394
00000000159412
00000000159430
00000000157270
00000000167602
00000000167621
00000000167640
00000000167659
00000000167678
00000000167697
00000000167716
00000000167735
00000000167754
00000000167773
00000000165494
00000000059708
00000000060006
00000000060252
00000000060446
00000000060605
00000000060717
00000000060774
00000000060893
00000000061015
00000000137695
00000000157288
00000000157306
00000000157324
00000000157342
00000000157360
00000000157378
00000000157396
00000000157414
00000000157432
00000000157450
00000000167792
00000000167811
00000000167830
00000000167849
00000000167868
00000000167887
00000000167906
00000000167925
00000000167944
00000000167963
00000000165684
00000000163406
00000000073245
00000000073543
00000000073789
00000000074000
00000000074143
00000000074256
00000000074297
00000000074400
00000000116232
00000000168932
00000000157486
00000000157504
00000000157522
00000000157540
00000000157558
00000000157576
00000000157594
00000000157612
00000000157630
00000000167982
00000000168001
00000000168020
00000000168039
00000000168058
00000000168077
00000000168096
00000000168115
00000000168134
00000000168153
00000000165874
00000000163595
00000000086450
00000000086833
00000000087147
00000000087426
00000000087620
00000000087763
00000000087808
00000000087928
00000000088051
00000000135896
00000000155488
00000000155506
00000000155524
00000000155542
00000000155560
00000000155578
00000000155596
00000000155614
00000000155632
00000000168172
00000000168191
00000000168210
00000000168229
00000000168248
00000000168267
00000000168286
00000000168305
00000000168324
00000000168343
00000000166064
00000000163785
00000000161507
00000000100092
00000000100514
00000000100881
00000000101158
00000000101363
00000000101501
00000000101526
00000000101652
00000000101764
00000000155668
00000000155686
00000000155704
00000000155722
00000000155740
00000000155758
00000000155776
00000000155794
00000000155812
00000000168362
00000000168381
00000000168400
00000000168419
00000000168438
00000000168457
00000000168476
